
2012002 特码=02 错误个数: 01:
  杀号:      01 04 07 10 13 16 19 22 25 28 31 34 37 40 43 46 49 02 05 08 11 14 17 20 23 26 29 32 35 38 41 44 47 
未杀号:      03 06 09 12 15 18 21 24 27 30 33 36 39 42 45 48 

2012003 特码=30 错误个数: 00:
  杀号:      01 04 07 10 13 16 19 22 25 28 31 34 37 40 43 46 49 02 05 08 11 14 17 20 23 26 29 32 35 38 41 44 47 
未杀号:      03 06 09 12 15 18 21 24 27 30 33 36 39 42 45 48 

2012004 特码=12 错误个数: 00:
  杀号:      01 04 07 10 13 16 19 22 25 28 31 34 37 40 43 46 49 02 05 08 11 14 17 20 23 26 29 32 35 38 41 44 47 
未杀号:      03 06 09 12 15 18 21 24 27 30 33 36 39 42 45 48 

2012005 特码=47 错误个数: 00:
  杀号:      01 04 07 10 13 16 19 22 25 28 31 34 37 40 43 46 49 
未杀号:      03 06 09 12 15 18 21 24 27 30 33 36 39 42 45 48 02 05 08 11 14 17 20 23 26 29 32 35 38 41 44 47 

2012006 特码=14 错误个数: 01:
  杀号:      03 06 09 12 15 18 21 24 27 30 33 36 39 42 45 48 02 05 08 11 14 17 20 23 26 29 32 35 38 41 44 47 
未杀号:      01 04 07 10 13 16 19 22 25 28 31 34 37 40 43 46 49 

2012007 特码=01 错误个数: 00:
  杀号:      03 06 09 12 15 18 21 24 27 30 33 36 39 42 45 48 
未杀号:      01 04 07 10 13 16 19 22 25 28 31 34 37 40 43 46 49 02 05 08 11 14 17 20 23 26 29 32 35 38 41 44 47 

2012008 特码=31 错误个数: 00:
  杀号:      02 05 08 11 14 17 20 23 26 29 32 35 38 41 44 47 
未杀号:      03 06 09 12 15 18 21 24 27 30 33 36 39 42 45 48 01 04 07 10 13 16 19 22 25 28 31 34 37 40 43 46 49 

2012009 特码=41 错误个数: 00:
  杀号:      03 06 09 12 15 18 21 24 27 30 33 36 39 42 45 48 01 04 07 10 13 16 19 22 25 28 31 34 37 40 43 46 49 
未杀号:      02 05 08 11 14 17 20 23 26 29 32 35 38 41 44 47 

2012010 特码=15 错误个数: 00:
  杀号:      01 04 07 10 13 16 19 22 25 28 31 34 37 40 43 46 49 02 05 08 11 14 17 20 23 26 29 32 35 38 41 44 47 
未杀号:      03 06 09 12 15 18 21 24 27 30 33 36 39 42 45 48 

2012011 特码=49 错误个数: 00:
  杀号:      03 06 09 12 15 18 21 24 27 30 33 36 39 42 45 48 02 05 08 11 14 17 20 23 26 29 32 35 38 41 44 47 
未杀号:      01 04 07 10 13 16 19 22 25 28 31 34 37 40 43 46 49 

2012012 特码=47 错误个数: 01:
  杀号:      01 04 07 10 13 16 19 22 25 28 31 34 37 40 43 46 49 02 05 08 11 14 17 20 23 26 29 32 35 38 41 44 47 
未杀号:      03 06 09 12 15 18 21 24 27 30 33 36 39 42 45 48 

2012013 特码=07 错误个数: 01:
  杀号:      01 04 07 10 13 16 19 22 25 28 31 34 37 40 43 46 49 02 05 08 11 14 17 20 23 26 29 32 35 38 41 44 47 
未杀号:      03 06 09 12 15 18 21 24 27 30 33 36 39 42 45 48 

2012014 特码=47 错误个数: 00:
  杀号:      01 04 07 10 13 16 19 22 25 28 31 34 37 40 43 46 49 
未杀号:      03 06 09 12 15 18 21 24 27 30 33 36 39 42 45 48 02 05 08 11 14 17 20 23 26 29 32 35 38 41 44 47 

2012015 特码=43 错误个数: 01:
  杀号:      01 04 07 10 13 16 19 22 25 28 31 34 37 40 43 46 49 02 05 08 11 14 17 20 23 26 29 32 35 38 41 44 47 
未杀号:      03 06 09 12 15 18 21 24 27 30 33 36 39 42 45 48 

2012016 特码=48 错误个数: 00:
  杀号:      02 05 08 11 14 17 20 23 26 29 32 35 38 41 44 47 
未杀号:      03 06 09 12 15 18 21 24 27 30 33 36 39 42 45 48 01 04 07 10 13 16 19 22 25 28 31 34 37 40 43 46 49 

2012017 特码=25 错误个数: 00:
  杀号:      03 06 09 12 15 18 21 24 27 30 33 36 39 42 45 48 02 05 08 11 14 17 20 23 26 29 32 35 38 41 44 47 
未杀号:      01 04 07 10 13 16 19 22 25 28 31 34 37 40 43 46 49 

2012018 特码=08 错误个数: 01:
  杀号:      03 06 09 12 15 18 21 24 27 30 33 36 39 42 45 48 02 05 08 11 14 17 20 23 26 29 32 35 38 41 44 47 
未杀号:      01 04 07 10 13 16 19 22 25 28 31 34 37 40 43 46 49 

2012019 特码=15 错误个数: 01:
  杀号:      03 06 09 12 15 18 21 24 27 30 33 36 39 42 45 48 01 04 07 10 13 16 19 22 25 28 31 34 37 40 43 46 49 
未杀号:      02 05 08 11 14 17 20 23 26 29 32 35 38 41 44 47 

2012020 特码=17 错误个数: 00:
  杀号:      01 04 07 10 13 16 19 22 25 28 31 34 37 40 43 46 49 
未杀号:      03 06 09 12 15 18 21 24 27 30 33 36 39 42 45 48 02 05 08 11 14 17 20 23 26 29 32 35 38 41 44 47 

2012021 特码=37 错误个数: 00:
  杀号:      03 06 09 12 15 18 21 24 27 30 33 36 39 42 45 48 02 05 08 11 14 17 20 23 26 29 32 35 38 41 44 47 
未杀号:      01 04 07 10 13 16 19 22 25 28 31 34 37 40 43 46 49 

2012022 特码=22 错误个数: 00:
  杀号:      03 06 09 12 15 18 21 24 27 30 33 36 39 42 45 48 02 05 08 11 14 17 20 23 26 29 32 35 38 41 44 47 
未杀号:      01 04 07 10 13 16 19 22 25 28 31 34 37 40 43 46 49 

2012023 特码=47 错误个数: 02:
  杀号:      02 05 08 11 14 17 20 23 26 29 32 35 38 41 44 47 
未杀号:      03 06 09 12 15 18 21 24 27 30 33 36 39 42 45 48 01 04 07 10 13 16 19 22 25 28 31 34 37 40 43 46 49 

2012024 特码=13 错误个数: 01:
  杀号:      03 06 09 12 15 18 21 24 27 30 33 36 39 42 45 48 01 04 07 10 13 16 19 22 25 28 31 34 37 40 43 46 49 
未杀号:      02 05 08 11 14 17 20 23 26 29 32 35 38 41 44 47 

2012025 特码=05 错误个数: 00:
  杀号:      01 04 07 10 13 16 19 22 25 28 31 34 37 40 43 46 49 
未杀号:      03 06 09 12 15 18 21 24 27 30 33 36 39 42 45 48 02 05 08 11 14 17 20 23 26 29 32 35 38 41 44 47 

2012026 特码=32 错误个数: 00:
  杀号:      03 06 09 12 15 18 21 24 27 30 33 36 39 42 45 48 01 04 07 10 13 16 19 22 25 28 31 34 37 40 43 46 49 
未杀号:      02 05 08 11 14 17 20 23 26 29 32 35 38 41 44 47 

2012027 特码=43 错误个数: 00:
  杀号:      03 06 09 12 15 18 21 24 27 30 33 36 39 42 45 48 02 05 08 11 14 17 20 23 26 29 32 35 38 41 44 47 
未杀号:      01 04 07 10 13 16 19 22 25 28 31 34 37 40 43 46 49 

2012028 特码=34 错误个数: 00:
  杀号:      03 06 09 12 15 18 21 24 27 30 33 36 39 42 45 48 02 05 08 11 14 17 20 23 26 29 32 35 38 41 44 47 
未杀号:      01 04 07 10 13 16 19 22 25 28 31 34 37 40 43 46 49 

2012029 特码=12 错误个数: 01:
  杀号:      03 06 09 12 15 18 21 24 27 30 33 36 39 42 45 48 02 05 08 11 14 17 20 23 26 29 32 35 38 41 44 47 
未杀号:      01 04 07 10 13 16 19 22 25 28 31 34 37 40 43 46 49 

2012030 特码=06 错误个数: 00:
  杀号:      01 04 07 10 13 16 19 22 25 28 31 34 37 40 43 46 49 
未杀号:      03 06 09 12 15 18 21 24 27 30 33 36 39 42 45 48 02 05 08 11 14 17 20 23 26 29 32 35 38 41 44 47 

2012031 特码=15 错误个数: 01:
  杀号:      03 06 09 12 15 18 21 24 27 30 33 36 39 42 45 48 02 05 08 11 14 17 20 23 26 29 32 35 38 41 44 47 
未杀号:      01 04 07 10 13 16 19 22 25 28 31 34 37 40 43 46 49 

2012032 特码=37 错误个数: 02:
  杀号:      01 04 07 10 13 16 19 22 25 28 31 34 37 40 43 46 49 
未杀号:      03 06 09 12 15 18 21 24 27 30 33 36 39 42 45 48 02 05 08 11 14 17 20 23 26 29 32 35 38 41 44 47 

2012033 特码=41 错误个数: 00:
  杀号:      03 06 09 12 15 18 21 24 27 30 33 36 39 42 45 48 01 04 07 10 13 16 19 22 25 28 31 34 37 40 43 46 49 
未杀号:      02 05 08 11 14 17 20 23 26 29 32 35 38 41 44 47 

2012034 特码=34 错误个数: 01:
  杀号:      01 04 07 10 13 16 19 22 25 28 31 34 37 40 43 46 49 02 05 08 11 14 17 20 23 26 29 32 35 38 41 44 47 
未杀号:      03 06 09 12 15 18 21 24 27 30 33 36 39 42 45 48 

2012035 特码=38 错误个数: 01:
  杀号:      01 04 07 10 13 16 19 22 25 28 31 34 37 40 43 46 49 02 05 08 11 14 17 20 23 26 29 32 35 38 41 44 47 
未杀号:      03 06 09 12 15 18 21 24 27 30 33 36 39 42 45 48 

2012036 特码=08 错误个数: 00:
  杀号:      03 06 09 12 15 18 21 24 27 30 33 36 39 42 45 48 01 04 07 10 13 16 19 22 25 28 31 34 37 40 43 46 49 
未杀号:      02 05 08 11 14 17 20 23 26 29 32 35 38 41 44 47 

2012037 特码=18 错误个数: 01:
  杀号:      03 06 09 12 15 18 21 24 27 30 33 36 39 42 45 48 01 04 07 10 13 16 19 22 25 28 31 34 37 40 43 46 49 
未杀号:      02 05 08 11 14 17 20 23 26 29 32 35 38 41 44 47 

2012038 特码=42 错误个数: 01:
  杀号:      03 06 09 12 15 18 21 24 27 30 33 36 39 42 45 48 01 04 07 10 13 16 19 22 25 28 31 34 37 40 43 46 49 
未杀号:      02 05 08 11 14 17 20 23 26 29 32 35 38 41 44 47 

2012039 特码=14 错误个数: 00:
  杀号:      01 04 07 10 13 16 19 22 25 28 31 34 37 40 43 46 49 
未杀号:      03 06 09 12 15 18 21 24 27 30 33 36 39 42 45 48 02 05 08 11 14 17 20 23 26 29 32 35 38 41 44 47 

2012040 特码=44 错误个数: 01:
  杀号:      03 06 09 12 15 18 21 24 27 30 33 36 39 42 45 48 02 05 08 11 14 17 20 23 26 29 32 35 38 41 44 47 
未杀号:      01 04 07 10 13 16 19 22 25 28 31 34 37 40 43 46 49 

2012041 特码=06 错误个数: 01:
  杀号:      03 06 09 12 15 18 21 24 27 30 33 36 39 42 45 48 02 05 08 11 14 17 20 23 26 29 32 35 38 41 44 47 
未杀号:      01 04 07 10 13 16 19 22 25 28 31 34 37 40 43 46 49 

2012042 特码=41 错误个数: 00:
  杀号:      03 06 09 12 15 18 21 24 27 30 33 36 39 42 45 48 
未杀号:      01 04 07 10 13 16 19 22 25 28 31 34 37 40 43 46 49 02 05 08 11 14 17 20 23 26 29 32 35 38 41 44 47 

2012043 特码=25 错误个数: 00:
  杀号:      03 06 09 12 15 18 21 24 27 30 33 36 39 42 45 48 
未杀号:      01 04 07 10 13 16 19 22 25 28 31 34 37 40 43 46 49 02 05 08 11 14 17 20 23 26 29 32 35 38 41 44 47 

2012044 特码=04 错误个数: 01:
  杀号:      01 04 07 10 13 16 19 22 25 28 31 34 37 40 43 46 49 02 05 08 11 14 17 20 23 26 29 32 35 38 41 44 47 
未杀号:      03 06 09 12 15 18 21 24 27 30 33 36 39 42 45 48 

2012045 特码=23 错误个数: 00:
  杀号:      03 06 09 12 15 18 21 24 27 30 33 36 39 42 45 48 
未杀号:      01 04 07 10 13 16 19 22 25 28 31 34 37 40 43 46 49 02 05 08 11 14 17 20 23 26 29 32 35 38 41 44 47 

2012046 特码=02 错误个数: 00:
  杀号:      01 04 07 10 13 16 19 22 25 28 31 34 37 40 43 46 49 
未杀号:      03 06 09 12 15 18 21 24 27 30 33 36 39 42 45 48 02 05 08 11 14 17 20 23 26 29 32 35 38 41 44 47 

2012047 特码=45 错误个数: 01:
  杀号:      03 06 09 12 15 18 21 24 27 30 33 36 39 42 45 48 02 05 08 11 14 17 20 23 26 29 32 35 38 41 44 47 
未杀号:      01 04 07 10 13 16 19 22 25 28 31 34 37 40 43 46 49 

2012048 特码=14 错误个数: 00:
  杀号:      03 06 09 12 15 18 21 24 27 30 33 36 39 42 45 48 01 04 07 10 13 16 19 22 25 28 31 34 37 40 43 46 49 
未杀号:      02 05 08 11 14 17 20 23 26 29 32 35 38 41 44 47 

2012049 特码=38 错误个数: 01:
  杀号:      03 06 09 12 15 18 21 24 27 30 33 36 39 42 45 48 02 05 08 11 14 17 20 23 26 29 32 35 38 41 44 47 
未杀号:      01 04 07 10 13 16 19 22 25 28 31 34 37 40 43 46 49 

2012050 特码=22 错误个数: 01:
  杀号:      03 06 09 12 15 18 21 24 27 30 33 36 39 42 45 48 01 04 07 10 13 16 19 22 25 28 31 34 37 40 43 46 49 
未杀号:      02 05 08 11 14 17 20 23 26 29 32 35 38 41 44 47 

2012051 特码=03 错误个数: 02:
  杀号:      03 06 09 12 15 18 21 24 27 30 33 36 39 42 45 48 
未杀号:      01 04 07 10 13 16 19 22 25 28 31 34 37 40 43 46 49 02 05 08 11 14 17 20 23 26 29 32 35 38 41 44 47 

2012052 特码=08 错误个数: 00:
  杀号:      03 06 09 12 15 18 21 24 27 30 33 36 39 42 45 48 
未杀号:      01 04 07 10 13 16 19 22 25 28 31 34 37 40 43 46 49 02 05 08 11 14 17 20 23 26 29 32 35 38 41 44 47 

2012053 特码=35 错误个数: 00:
  杀号:      01 04 07 10 13 16 19 22 25 28 31 34 37 40 43 46 49 
未杀号:      03 06 09 12 15 18 21 24 27 30 33 36 39 42 45 48 02 05 08 11 14 17 20 23 26 29 32 35 38 41 44 47 

2012054 特码=41 错误个数: 01:
  杀号:      01 04 07 10 13 16 19 22 25 28 31 34 37 40 43 46 49 02 05 08 11 14 17 20 23 26 29 32 35 38 41 44 47 
未杀号:      03 06 09 12 15 18 21 24 27 30 33 36 39 42 45 48 

2012055 特码=04 错误个数: 02:
  杀号:      01 04 07 10 13 16 19 22 25 28 31 34 37 40 43 46 49 
未杀号:      03 06 09 12 15 18 21 24 27 30 33 36 39 42 45 48 02 05 08 11 14 17 20 23 26 29 32 35 38 41 44 47 

2012056 特码=32 错误个数: 00:
  杀号:      03 06 09 12 15 18 21 24 27 30 33 36 39 42 45 48 01 04 07 10 13 16 19 22 25 28 31 34 37 40 43 46 49 
未杀号:      02 05 08 11 14 17 20 23 26 29 32 35 38 41 44 47 

2012057 特码=40 错误个数: 01:
  杀号:      03 06 09 12 15 18 21 24 27 30 33 36 39 42 45 48 01 04 07 10 13 16 19 22 25 28 31 34 37 40 43 46 49 
未杀号:      02 05 08 11 14 17 20 23 26 29 32 35 38 41 44 47 

2012058 特码=33 错误个数: 00:
  杀号:      01 04 07 10 13 16 19 22 25 28 31 34 37 40 43 46 49 02 05 08 11 14 17 20 23 26 29 32 35 38 41 44 47 
未杀号:      03 06 09 12 15 18 21 24 27 30 33 36 39 42 45 48 

2012059 特码=41 错误个数: 00:
  杀号:      03 06 09 12 15 18 21 24 27 30 33 36 39 42 45 48 01 04 07 10 13 16 19 22 25 28 31 34 37 40 43 46 49 
未杀号:      02 05 08 11 14 17 20 23 26 29 32 35 38 41 44 47 

2012060 特码=34 错误个数: 00:
  杀号:      03 06 09 12 15 18 21 24 27 30 33 36 39 42 45 48 
未杀号:      01 04 07 10 13 16 19 22 25 28 31 34 37 40 43 46 49 02 05 08 11 14 17 20 23 26 29 32 35 38 41 44 47 

2012061 特码=07 错误个数: 01:
  杀号:      01 04 07 10 13 16 19 22 25 28 31 34 37 40 43 46 49 02 05 08 11 14 17 20 23 26 29 32 35 38 41 44 47 
未杀号:      03 06 09 12 15 18 21 24 27 30 33 36 39 42 45 48 

2012062 特码=46 错误个数: 00:
  杀号:      03 06 09 12 15 18 21 24 27 30 33 36 39 42 45 48 
未杀号:      01 04 07 10 13 16 19 22 25 28 31 34 37 40 43 46 49 02 05 08 11 14 17 20 23 26 29 32 35 38 41 44 47 

2012063 特码=38 错误个数: 01:
  杀号:      01 04 07 10 13 16 19 22 25 28 31 34 37 40 43 46 49 02 05 08 11 14 17 20 23 26 29 32 35 38 41 44 47 
未杀号:      03 06 09 12 15 18 21 24 27 30 33 36 39 42 45 48 

2012064 特码=37 错误个数: 00:
  杀号:      03 06 09 12 15 18 21 24 27 30 33 36 39 42 45 48 02 05 08 11 14 17 20 23 26 29 32 35 38 41 44 47 
未杀号:      01 04 07 10 13 16 19 22 25 28 31 34 37 40 43 46 49 

2012065 特码=37 错误个数: 01:
  杀号:      03 06 09 12 15 18 21 24 27 30 33 36 39 42 45 48 01 04 07 10 13 16 19 22 25 28 31 34 37 40 43 46 49 
未杀号:      02 05 08 11 14 17 20 23 26 29 32 35 38 41 44 47 

2012066 特码=09 错误个数: 00:
  杀号:      01 04 07 10 13 16 19 22 25 28 31 34 37 40 43 46 49 02 05 08 11 14 17 20 23 26 29 32 35 38 41 44 47 
未杀号:      03 06 09 12 15 18 21 24 27 30 33 36 39 42 45 48 

2012067 特码=06 错误个数: 00:
  杀号:      01 04 07 10 13 16 19 22 25 28 31 34 37 40 43 46 49 
未杀号:      03 06 09 12 15 18 21 24 27 30 33 36 39 42 45 48 02 05 08 11 14 17 20 23 26 29 32 35 38 41 44 47 

2012068 特码=32 错误个数: 00:
  杀号:      03 06 09 12 15 18 21 24 27 30 33 36 39 42 45 48 
未杀号:      01 04 07 10 13 16 19 22 25 28 31 34 37 40 43 46 49 02 05 08 11 14 17 20 23 26 29 32 35 38 41 44 47 

2012069 特码=09 错误个数: 01:
  杀号:      03 06 09 12 15 18 21 24 27 30 33 36 39 42 45 48 02 05 08 11 14 17 20 23 26 29 32 35 38 41 44 47 
未杀号:      01 04 07 10 13 16 19 22 25 28 31 34 37 40 43 46 49 

2012070 特码=24 错误个数: 01:
  杀号:      03 06 09 12 15 18 21 24 27 30 33 36 39 42 45 48 01 04 07 10 13 16 19 22 25 28 31 34 37 40 43 46 49 
未杀号:      02 05 08 11 14 17 20 23 26 29 32 35 38 41 44 47 

2012071 特码=28 错误个数: 01:
  杀号:      03 06 09 12 15 18 21 24 27 30 33 36 39 42 45 48 01 04 07 10 13 16 19 22 25 28 31 34 37 40 43 46 49 
未杀号:      02 05 08 11 14 17 20 23 26 29 32 35 38 41 44 47 

2012072 特码=39 错误个数: 00:
  杀号:      01 04 07 10 13 16 19 22 25 28 31 34 37 40 43 46 49 
未杀号:      03 06 09 12 15 18 21 24 27 30 33 36 39 42 45 48 02 05 08 11 14 17 20 23 26 29 32 35 38 41 44 47 

2012073 特码=47 错误个数: 01:
  杀号:      01 04 07 10 13 16 19 22 25 28 31 34 37 40 43 46 49 02 05 08 11 14 17 20 23 26 29 32 35 38 41 44 47 
未杀号:      03 06 09 12 15 18 21 24 27 30 33 36 39 42 45 48 

2012074 特码=24 错误个数: 01:
  杀号:      03 06 09 12 15 18 21 24 27 30 33 36 39 42 45 48 02 05 08 11 14 17 20 23 26 29 32 35 38 41 44 47 
未杀号:      01 04 07 10 13 16 19 22 25 28 31 34 37 40 43 46 49 

2012075 特码=01 错误个数: 00:
  杀号:      02 05 08 11 14 17 20 23 26 29 32 35 38 41 44 47 
未杀号:      03 06 09 12 15 18 21 24 27 30 33 36 39 42 45 48 01 04 07 10 13 16 19 22 25 28 31 34 37 40 43 46 49 

2012076 特码=20 错误个数: 02:
  杀号:      02 05 08 11 14 17 20 23 26 29 32 35 38 41 44 47 
未杀号:      03 06 09 12 15 18 21 24 27 30 33 36 39 42 45 48 01 04 07 10 13 16 19 22 25 28 31 34 37 40 43 46 49 

2012077 特码=44 错误个数: 01:
  杀号:      01 04 07 10 13 16 19 22 25 28 31 34 37 40 43 46 49 02 05 08 11 14 17 20 23 26 29 32 35 38 41 44 47 
未杀号:      03 06 09 12 15 18 21 24 27 30 33 36 39 42 45 48 

2012078 特码=37 错误个数: 01:
  杀号:      01 04 07 10 13 16 19 22 25 28 31 34 37 40 43 46 49 02 05 08 11 14 17 20 23 26 29 32 35 38 41 44 47 
未杀号:      03 06 09 12 15 18 21 24 27 30 33 36 39 42 45 48 

2012079 特码=03 错误个数: 01:
  杀号:      03 06 09 12 15 18 21 24 27 30 33 36 39 42 45 48 02 05 08 11 14 17 20 23 26 29 32 35 38 41 44 47 
未杀号:      01 04 07 10 13 16 19 22 25 28 31 34 37 40 43 46 49 

2012080 特码=43 错误个数: 00:
  杀号:      03 06 09 12 15 18 21 24 27 30 33 36 39 42 45 48 02 05 08 11 14 17 20 23 26 29 32 35 38 41 44 47 
未杀号:      01 04 07 10 13 16 19 22 25 28 31 34 37 40 43 46 49 

2012081 特码=27 错误个数: 01:
  杀号:      03 06 09 12 15 18 21 24 27 30 33 36 39 42 45 48 01 04 07 10 13 16 19 22 25 28 31 34 37 40 43 46 49 
未杀号:      02 05 08 11 14 17 20 23 26 29 32 35 38 41 44 47 

2012082 特码=03 错误个数: 01:
  杀号:      03 06 09 12 15 18 21 24 27 30 33 36 39 42 45 48 01 04 07 10 13 16 19 22 25 28 31 34 37 40 43 46 49 
未杀号:      02 05 08 11 14 17 20 23 26 29 32 35 38 41 44 47 

2012083 特码=29 错误个数: 01:
  杀号:      01 04 07 10 13 16 19 22 25 28 31 34 37 40 43 46 49 02 05 08 11 14 17 20 23 26 29 32 35 38 41 44 47 
未杀号:      03 06 09 12 15 18 21 24 27 30 33 36 39 42 45 48 

2012084 特码=13 错误个数: 00:
  杀号:      03 06 09 12 15 18 21 24 27 30 33 36 39 42 45 48 02 05 08 11 14 17 20 23 26 29 32 35 38 41 44 47 
未杀号:      01 04 07 10 13 16 19 22 25 28 31 34 37 40 43 46 49 

2012085 特码=31 错误个数: 01:
  杀号:      03 06 09 12 15 18 21 24 27 30 33 36 39 42 45 48 01 04 07 10 13 16 19 22 25 28 31 34 37 40 43 46 49 
未杀号:      02 05 08 11 14 17 20 23 26 29 32 35 38 41 44 47 

2012086 特码=32 错误个数: 02:
  杀号:      02 05 08 11 14 17 20 23 26 29 32 35 38 41 44 47 
未杀号:      03 06 09 12 15 18 21 24 27 30 33 36 39 42 45 48 01 04 07 10 13 16 19 22 25 28 31 34 37 40 43 46 49 

2012087 特码=05 错误个数: 01:
  杀号:      03 06 09 12 15 18 21 24 27 30 33 36 39 42 45 48 02 05 08 11 14 17 20 23 26 29 32 35 38 41 44 47 
未杀号:      01 04 07 10 13 16 19 22 25 28 31 34 37 40 43 46 49 

2012088 特码=01 错误个数: 00:
  杀号:      03 06 09 12 15 18 21 24 27 30 33 36 39 42 45 48 
未杀号:      01 04 07 10 13 16 19 22 25 28 31 34 37 40 43 46 49 02 05 08 11 14 17 20 23 26 29 32 35 38 41 44 47 

2012089 特码=07 错误个数: 01:
  杀号:      01 04 07 10 13 16 19 22 25 28 31 34 37 40 43 46 49 02 05 08 11 14 17 20 23 26 29 32 35 38 41 44 47 
未杀号:      03 06 09 12 15 18 21 24 27 30 33 36 39 42 45 48 

2012090 特码=12 错误个数: 01:
  杀号:      03 06 09 12 15 18 21 24 27 30 33 36 39 42 45 48 02 05 08 11 14 17 20 23 26 29 32 35 38 41 44 47 
未杀号:      01 04 07 10 13 16 19 22 25 28 31 34 37 40 43 46 49 

2012091 特码=10 错误个数: 01:
  杀号:      01 04 07 10 13 16 19 22 25 28 31 34 37 40 43 46 49 02 05 08 11 14 17 20 23 26 29 32 35 38 41 44 47 
未杀号:      03 06 09 12 15 18 21 24 27 30 33 36 39 42 45 48 

2012092 特码=48 错误个数: 00:
  杀号:      01 04 07 10 13 16 19 22 25 28 31 34 37 40 43 46 49 
未杀号:      03 06 09 12 15 18 21 24 27 30 33 36 39 42 45 48 02 05 08 11 14 17 20 23 26 29 32 35 38 41 44 47 

2012093 特码=16 错误个数: 00:
  杀号:      03 06 09 12 15 18 21 24 27 30 33 36 39 42 45 48 
未杀号:      01 04 07 10 13 16 19 22 25 28 31 34 37 40 43 46 49 02 05 08 11 14 17 20 23 26 29 32 35 38 41 44 47 

2012094 特码=28 错误个数: 01:
  杀号:      01 04 07 10 13 16 19 22 25 28 31 34 37 40 43 46 49 02 05 08 11 14 17 20 23 26 29 32 35 38 41 44 47 
未杀号:      03 06 09 12 15 18 21 24 27 30 33 36 39 42 45 48 

2012095 特码=08 错误个数: 02:
  杀号:      02 05 08 11 14 17 20 23 26 29 32 35 38 41 44 47 
未杀号:      03 06 09 12 15 18 21 24 27 30 33 36 39 42 45 48 01 04 07 10 13 16 19 22 25 28 31 34 37 40 43 46 49 

2012096 特码=45 错误个数: 00:
  杀号:      01 04 07 10 13 16 19 22 25 28 31 34 37 40 43 46 49 02 05 08 11 14 17 20 23 26 29 32 35 38 41 44 47 
未杀号:      03 06 09 12 15 18 21 24 27 30 33 36 39 42 45 48 

2012097 特码=48 错误个数: 01:
  杀号:      03 06 09 12 15 18 21 24 27 30 33 36 39 42 45 48 02 05 08 11 14 17 20 23 26 29 32 35 38 41 44 47 
未杀号:      01 04 07 10 13 16 19 22 25 28 31 34 37 40 43 46 49 

2012098 特码=05 错误个数: 00:
  杀号:      01 04 07 10 13 16 19 22 25 28 31 34 37 40 43 46 49 
未杀号:      03 06 09 12 15 18 21 24 27 30 33 36 39 42 45 48 02 05 08 11 14 17 20 23 26 29 32 35 38 41 44 47 

2012099 特码=27 错误个数: 01:
  杀号:      03 06 09 12 15 18 21 24 27 30 33 36 39 42 45 48 01 04 07 10 13 16 19 22 25 28 31 34 37 40 43 46 49 
未杀号:      02 05 08 11 14 17 20 23 26 29 32 35 38 41 44 47 
下期预测:
  杀号:      01 04 07 10 13 16 19 22 25 28 31 34 37 40 43 46 49 
未杀号:      03 06 09 12 15 18 21 24 27 30 33 36 39 42 45 48 02 05 08 11 14 17 20 23 26 29 32 35 38 41 44 47 
