
2012002  杀号个数:18,错误个数:00
01 03 14 15 17 18 19 21 22 26 27 33 35 36 38 40 45 49 
路数0：
03 15 18 21 27 33 36 45 
路数1：
01 19 22 40 49 
路数2：
14 17 26 35 38 

2012003  杀号个数:18,错误个数:00
03 05 06 09 11 12 16 18 22 23 33 34 37 39 40 44 46 47 
路数0：
03 06 09 12 18 33 39 
路数1：
16 22 34 37 40 46 
路数2：
05 11 23 44 47 

2012004  杀号个数:21,错误个数:02
01 03 05 10 12 14 17 22 24 28 32 33 36 37 39 40 41 42 43 47 49 
路数0：
03 12 24 33 36 39 42 
路数1：
01 10 22 28 37 40 43 49 
路数2：
05 14 17 32 41 47 

2012005  杀号个数:21,错误个数:00
06 09 10 12 13 14 15 19 21 23 25 29 30 31 32 33 35 36 39 40 45 
路数0：
06 09 12 15 21 30 33 36 39 45 
路数1：
10 13 19 25 31 40 
路数2：
14 23 29 32 35 

2012006  杀号个数:20,错误个数:00
01 03 05 07 09 12 13 16 19 21 24 32 33 36 39 40 41 45 46 48 
路数0：
03 09 12 21 24 33 36 39 45 48 
路数1：
01 07 13 16 19 40 46 
路数2：
05 32 41 

2012007  杀号个数:17,错误个数:00
07 18 19 20 21 22 23 24 26 27 29 34 37 38 40 42 46 
路数0：
18 21 24 27 42 
路数1：
07 19 22 34 37 40 46 
路数2：
20 23 26 29 38 

2012008  杀号个数:19,错误个数:01
01 02 03 04 08 10 13 14 16 17 21 23 25 28 31 38 40 43 48 
路数0：
03 21 48 
路数1：
01 04 10 13 16 25 28 31 40 43 
路数2：
02 08 14 17 23 38 

2012009  杀号个数:22,错误个数:00
02 03 06 07 08 10 12 14 18 20 21 28 31 32 34 37 38 39 40 43 46 47 
路数0：
03 06 12 18 21 39 
路数1：
07 10 28 31 34 37 40 43 46 
路数2：
02 08 14 20 32 38 47 

2012010  杀号个数:19,错误个数:00
01 02 04 05 06 07 11 16 18 19 22 25 31 32 33 37 38 47 48 
路数0：
06 18 33 48 
路数1：
01 04 07 16 19 22 25 31 37 
路数2：
02 05 11 32 38 47 

2012011  杀号个数:18,错误个数:00
01 05 10 12 15 18 19 21 22 24 25 28 31 35 38 42 45 48 
路数0：
12 15 18 21 24 42 45 48 
路数1：
01 10 19 22 25 28 31 
路数2：
05 35 38 

2012012  杀号个数:19,错误个数:00
01 02 03 07 09 14 17 19 21 22 24 26 31 32 35 37 42 43 46 
路数0：
03 09 21 24 42 
路数1：
01 07 19 22 31 37 43 46 
路数2：
02 14 17 26 32 35 

2012013  杀号个数:20,错误个数:01
01 02 04 05 06 07 10 12 17 21 23 25 26 28 32 35 36 40 41 49 
路数0：
06 12 21 36 
路数1：
01 04 07 10 25 28 40 49 
路数2：
02 05 17 23 26 32 35 41 

2012014  杀号个数:21,错误个数:00
04 13 14 15 16 17 18 20 22 23 24 25 26 29 30 31 32 37 39 42 48 
路数0：
15 18 24 30 39 42 48 
路数1：
04 13 16 22 25 31 37 
路数2：
14 17 20 23 26 29 32 

2012015  杀号个数:20,错误个数:00
02 03 05 06 07 09 13 14 15 20 21 25 27 29 34 37 41 42 44 49 
路数0：
03 06 09 15 21 27 42 
路数1：
07 13 25 34 37 49 
路数2：
02 05 14 20 29 41 44 

2012016  杀号个数:22,错误个数:00
01 02 03 05 07 08 09 10 11 12 17 21 24 27 28 29 31 34 38 40 45 46 
路数0：
03 09 12 21 24 27 45 
路数1：
01 07 10 28 31 34 40 46 
路数2：
02 05 08 11 17 29 38 

2012017  杀号个数:20,错误个数:00
05 06 07 08 09 14 15 16 18 24 26 32 34 37 39 40 42 45 46 47 
路数0：
06 09 15 18 24 39 42 45 
路数1：
07 16 34 37 40 46 
路数2：
05 08 14 26 32 47 

2012018  杀号个数:17,错误个数:00
04 05 07 11 19 24 25 28 29 31 32 34 35 36 38 39 49 
路数0：
24 36 39 
路数1：
04 07 19 25 28 31 34 49 
路数2：
05 11 29 32 35 38 

2012019  杀号个数:19,错误个数:02
06 09 12 13 14 15 17 19 20 22 24 25 26 32 33 36 40 42 48 
路数0：
06 09 12 15 24 33 36 42 48 
路数1：
13 19 22 25 40 
路数2：
14 17 20 26 32 

2012020  杀号个数:20,错误个数:01
01 04 08 11 14 17 18 20 22 23 24 26 28 30 31 32 34 40 41 48 
路数0：
18 24 30 48 
路数1：
01 04 22 28 31 34 40 
路数2：
08 11 14 17 20 23 26 32 41 

2012021  杀号个数:19,错误个数:00
01 02 03 04 05 10 11 16 17 18 19 24 26 27 29 31 32 38 48 
路数0：
03 18 24 27 48 
路数1：
01 04 10 16 19 31 
路数2：
02 05 11 17 26 29 32 38 

2012022  杀号个数:16,错误个数:01
02 03 10 12 16 19 22 29 37 38 40 41 42 43 44 46 
路数0：
03 12 42 
路数1：
10 16 19 22 37 40 43 46 
路数2：
02 29 38 41 44 

2012023  杀号个数:19,错误个数:00
04 10 12 14 19 21 24 26 27 28 29 31 34 35 37 39 44 46 48 
路数0：
12 21 24 27 39 48 
路数1：
04 10 19 28 31 34 37 46 
路数2：
14 26 29 35 44 

2012024  杀号个数:21,错误个数:00
02 04 05 06 07 08 10 14 15 16 17 18 20 28 30 31 33 34 39 40 41 
路数0：
06 15 18 30 33 39 
路数1：
04 07 10 16 28 31 34 40 
路数2：
02 05 08 14 17 20 41 

2012025  杀号个数:17,错误个数:00
01 02 04 16 17 18 19 20 22 29 31 34 35 38 42 45 48 
路数0：
18 42 45 48 
路数1：
01 04 16 19 22 31 34 
路数2：
02 17 20 29 35 38 

2012026  杀号个数:22,错误个数:01
01 02 05 06 07 08 09 10 11 12 13 14 18 19 20 23 25 27 31 32 33 47 
路数0：
06 09 12 18 27 33 
路数1：
01 07 10 13 19 25 31 
路数2：
02 05 08 11 14 20 23 32 47 

2012027  杀号个数:19,错误个数:00
02 04 07 10 12 15 21 29 32 33 35 38 39 40 41 42 45 47 48 
路数0：
12 15 21 33 39 42 45 48 
路数1：
04 07 10 40 
路数2：
02 29 32 35 38 41 47 

2012028  杀号个数:19,错误个数:00
01 02 03 04 07 08 10 12 13 16 21 23 27 31 33 40 42 46 47 
路数0：
03 12 21 27 33 42 
路数1：
01 04 07 10 13 16 31 40 46 
路数2：
02 08 23 47 

2012029  杀号个数:20,错误个数:00
03 07 10 14 18 19 22 25 28 34 37 38 40 41 42 43 44 45 46 47 
路数0：
03 18 42 45 
路数1：
07 10 19 22 25 28 34 37 40 43 46 
路数2：
14 38 41 44 47 

2012030  杀号个数:17,错误个数:00
03 08 13 14 16 17 18 19 21 26 27 30 33 35 36 40 41 
路数0：
03 18 21 27 30 33 36 
路数1：
13 16 19 40 
路数2：
08 14 17 26 35 41 

2012031  杀号个数:21,错误个数:01
03 04 07 10 13 14 15 18 21 22 24 27 30 32 33 35 38 41 43 45 46 
路数0：
03 15 18 21 24 27 30 33 45 
路数1：
04 07 10 13 22 43 46 
路数2：
14 32 35 38 41 

2012032  杀号个数:20,错误个数:00
05 07 08 11 13 14 17 19 20 21 22 24 25 27 28 30 39 41 47 49 
路数0：
21 24 27 30 39 
路数1：
07 13 19 22 25 28 49 
路数2：
05 08 11 14 17 20 41 47 

2012033  杀号个数:20,错误个数:00
01 04 05 09 12 15 18 20 22 25 32 33 35 36 40 42 44 46 48 49 
路数0：
09 12 15 18 33 36 42 48 
路数1：
01 04 22 25 40 46 49 
路数2：
05 20 32 35 44 

2012034  杀号个数:19,错误个数:00
01 03 04 06 08 11 14 26 29 31 33 36 40 42 43 44 45 47 48 
路数0：
03 06 33 36 42 45 48 
路数1：
01 04 31 40 43 
路数2：
08 11 14 26 29 44 47 

2012035  杀号个数:21,错误个数:00
04 07 09 10 11 12 13 15 25 26 28 29 36 37 39 40 41 43 46 47 49 
路数0：
09 12 15 36 39 
路数1：
04 07 10 13 25 28 37 40 43 46 49 
路数2：
11 26 29 41 47 

2012036  杀号个数:20,错误个数:01
03 05 06 08 09 10 11 12 14 21 22 24 27 31 36 40 41 44 45 47 
路数0：
03 06 09 12 21 24 27 36 45 
路数1：
10 22 31 40 
路数2：
05 08 11 14 41 44 47 

2012037  杀号个数:17,错误个数:01
05 10 14 15 17 18 19 21 23 25 28 30 31 34 35 38 42 
路数0：
15 18 21 30 42 
路数1：
10 19 25 28 31 34 
路数2：
05 14 17 23 35 38 

2012038  杀号个数:22,错误个数:01
02 11 14 20 23 24 25 26 27 29 30 33 34 35 36 37 38 39 42 43 44 48 
路数0：
24 27 30 33 36 39 42 48 
路数1：
25 34 37 43 
路数2：
02 11 14 20 23 26 29 35 38 44 

2012039  杀号个数:19,错误个数:00
02 05 06 07 13 16 26 27 29 32 34 35 38 39 42 45 47 48 49 
路数0：
06 27 39 42 45 48 
路数1：
07 13 16 34 49 
路数2：
02 05 26 29 32 35 38 47 

2012040  杀号个数:18,错误个数:00
01 02 17 20 21 22 23 24 27 28 30 31 32 35 38 42 46 49 
路数0：
21 24 27 30 42 
路数1：
01 22 28 31 46 49 
路数2：
02 17 20 23 32 35 38 

2012041  杀号个数:17,错误个数:01
02 04 05 06 08 10 12 19 21 26 29 34 35 37 43 46 47 
路数0：
06 12 21 
路数1：
04 10 19 34 37 43 46 
路数2：
02 05 08 26 29 35 47 

2012042  杀号个数:18,错误个数:01
02 05 10 13 14 15 16 18 20 21 23 24 30 31 32 36 41 43 
路数0：
15 18 21 24 30 36 
路数1：
10 13 16 31 43 
路数2：
02 05 14 20 23 32 41 

2012043  杀号个数:20,错误个数:01
01 02 05 06 11 13 16 17 20 21 23 25 26 30 31 32 33 42 43 48 
路数0：
06 21 30 33 42 48 
路数1：
01 13 16 25 31 43 
路数2：
02 05 11 17 20 23 26 32 

2012044  杀号个数:23,错误个数:01
04 06 07 10 12 15 20 23 25 26 27 28 29 32 33 34 35 37 38 39 42 43 44 
路数0：
06 12 15 27 33 39 42 
路数1：
04 07 10 25 28 34 37 43 
路数2：
20 23 26 29 32 35 38 44 

2012045  杀号个数:20,错误个数:00
01 08 10 11 12 13 14 15 17 18 21 22 24 29 30 31 35 39 40 42 
路数0：
12 15 18 21 24 30 39 42 
路数1：
01 10 13 22 31 40 
路数2：
08 11 14 17 29 35 

2012046  杀号个数:19,错误个数:00
01 04 14 17 18 19 20 27 28 29 30 32 34 35 36 40 41 45 49 
路数0：
18 27 30 36 45 
路数1：
01 04 19 28 34 40 49 
路数2：
14 17 20 29 32 35 41 

2012047  杀号个数:20,错误个数:00
02 03 04 06 08 09 10 11 12 15 17 18 23 25 26 31 39 40 41 46 
路数0：
03 06 09 12 15 18 39 
路数1：
04 10 25 31 40 46 
路数2：
02 08 11 17 23 26 41 

2012048  杀号个数:20,错误个数:02
02 03 05 10 11 12 14 17 22 30 31 32 33 35 38 40 42 45 46 48 
路数0：
03 12 30 33 42 45 48 
路数1：
10 22 31 40 46 
路数2：
02 05 11 14 17 32 35 38 

2012049  杀号个数:14,错误个数:00
01 14 15 16 18 20 21 23 25 26 31 34 41 47 
路数0：
15 18 21 
路数1：
01 16 25 31 34 
路数2：
14 20 23 26 41 47 

2012050  杀号个数:22,错误个数:01
02 05 06 09 15 17 19 20 21 22 23 26 29 33 36 40 42 43 45 47 48 49 
路数0：
06 09 15 21 33 36 42 45 48 
路数1：
19 22 40 43 49 
路数2：
02 05 17 20 23 26 29 47 

2012051  杀号个数:21,错误个数:00
02 11 12 14 16 18 22 23 26 27 28 29 31 32 33 37 38 39 44 46 47 
路数0：
12 18 27 33 39 
路数1：
16 22 28 31 37 46 
路数2：
02 11 14 23 26 29 32 38 44 47 

2012052  杀号个数:20,错误个数:01
04 05 06 07 08 10 11 12 15 17 22 25 26 29 32 35 38 43 46 47 
路数0：
06 12 15 
路数1：
04 07 10 22 25 43 46 
路数2：
05 08 11 17 26 29 32 35 38 47 

2012053  杀号个数:22,错误个数:00
04 06 12 13 14 15 16 17 18 19 20 21 23 24 29 30 32 36 38 41 42 45 
路数0：
06 12 15 18 21 24 30 36 42 45 
路数1：
04 13 16 19 
路数2：
14 17 20 23 29 32 38 41 

2012054  杀号个数:19,错误个数:00
01 02 03 13 14 17 19 23 24 25 30 38 39 40 42 43 44 47 48 
路数0：
03 24 30 39 42 48 
路数1：
01 13 19 25 40 43 
路数2：
02 14 17 23 38 44 47 

2012055  杀号个数:18,错误个数:00
01 05 06 07 08 10 11 15 22 27 29 30 33 35 37 43 44 48 
路数0：
06 15 27 30 33 48 
路数1：
01 07 10 22 37 43 
路数2：
05 08 11 29 35 44 

2012056  杀号个数:19,错误个数:00
04 09 10 11 13 14 15 20 22 24 25 26 29 34 37 41 42 44 49 
路数0：
09 15 24 42 
路数1：
04 10 13 22 25 34 37 49 
路数2：
11 14 20 26 29 41 44 

2012057  杀号个数:21,错误个数:00
01 02 09 11 13 14 15 18 19 20 22 23 28 30 34 37 39 41 43 44 45 
路数0：
09 15 18 30 39 45 
路数1：
01 13 19 22 28 34 37 43 
路数2：
02 11 14 20 23 41 44 

2012058  杀号个数:19,错误个数:00
02 03 05 06 10 13 15 19 20 21 22 25 27 29 36 40 41 47 49 
路数0：
03 06 15 21 27 36 
路数1：
10 13 19 22 25 40 49 
路数2：
02 05 20 29 41 47 

2012059  杀号个数:22,错误个数:01
01 02 04 06 08 10 12 14 18 20 22 27 30 33 36 37 40 41 42 44 46 49 
路数0：
06 12 18 27 30 33 36 42 
路数1：
01 04 10 22 37 40 46 49 
路数2：
02 08 14 20 41 44 

2012060  杀号个数:18,错误个数:00
01 02 04 07 09 10 11 13 14 16 26 27 28 29 36 41 42 48 
路数0：
09 27 36 42 48 
路数1：
01 04 07 10 13 16 28 
路数2：
02 11 14 26 29 41 

2012061  杀号个数:20,错误个数:00
02 03 04 06 10 11 12 13 15 19 22 25 36 38 41 42 43 45 46 48 
路数0：
03 06 12 15 36 42 45 48 
路数1：
04 10 13 19 22 25 43 46 
路数2：
02 11 38 41 

2012062  杀号个数:18,错误个数:00
04 10 11 14 15 16 18 24 26 27 33 34 35 37 39 40 42 48 
路数0：
15 18 24 27 33 39 42 48 
路数1：
04 10 16 34 37 40 
路数2：
11 14 26 35 

2012063  杀号个数:20,错误个数:00
02 04 05 06 07 09 14 15 17 19 23 24 25 27 29 30 34 36 41 49 
路数0：
06 09 15 24 27 30 36 
路数1：
04 07 19 25 34 49 
路数2：
02 05 14 17 23 29 41 

2012064  杀号个数:19,错误个数:00
01 02 05 08 09 13 14 15 18 28 31 33 38 42 43 45 46 47 48 
路数0：
09 15 18 33 42 45 48 
路数1：
01 13 28 31 43 46 
路数2：
02 05 08 14 38 47 

2012065  杀号个数:20,错误个数:00
01 02 05 08 10 11 12 18 19 23 26 33 34 35 38 39 40 43 44 46 
路数0：
12 18 33 39 
路数1：
01 10 19 34 40 43 46 
路数2：
02 05 08 11 23 26 35 38 44 

2012066  杀号个数:20,错误个数:00
02 04 05 06 08 10 19 22 26 27 30 33 35 38 39 40 43 44 46 47 
路数0：
06 27 30 33 39 
路数1：
04 10 19 22 40 43 46 
路数2：
02 05 08 26 35 38 44 47 

2012067  杀号个数:20,错误个数:00
03 13 14 15 16 18 19 20 21 22 24 25 27 30 31 34 36 39 44 47 
路数0：
03 15 18 21 24 27 30 36 39 
路数1：
13 16 19 22 25 31 34 
路数2：
14 20 44 47 

2012068  杀号个数:19,错误个数:03
03 05 09 13 14 15 16 17 19 20 22 25 29 30 32 36 38 42 48 
路数0：
03 09 15 30 36 42 48 
路数1：
13 16 19 22 25 
路数2：
05 14 17 20 29 32 38 

2012069  杀号个数:18,错误个数:00
02 04 08 15 16 19 20 22 23 26 28 29 30 38 39 40 41 45 
路数0：
15 30 39 45 
路数1：
04 16 19 22 28 40 
路数2：
02 08 20 23 26 29 38 41 

2012070  杀号个数:18,错误个数:00
02 03 06 09 10 11 12 13 15 16 18 20 23 25 27 33 45 47 
路数0：
03 06 09 12 15 18 27 33 45 
路数1：
10 13 16 25 
路数2：
02 11 20 23 47 

2012071  杀号个数:19,错误个数:00
03 04 13 15 18 19 24 27 30 31 33 34 35 36 38 39 40 44 47 
路数0：
03 15 18 24 27 30 33 36 39 
路数1：
04 13 19 31 34 40 
路数2：
35 38 44 47 

2012072  杀号个数:19,错误个数:01
03 06 07 10 11 12 13 15 16 22 30 32 33 35 37 39 41 42 44 
路数0：
03 06 12 15 30 33 39 42 
路数1：
07 10 13 16 22 37 
路数2：
11 32 35 41 44 

2012073  杀号个数:17,错误个数:00
01 03 06 07 08 09 13 18 19 21 24 31 33 34 39 46 48 
路数0：
03 06 09 18 21 24 33 39 48 
路数1：
01 07 13 19 31 34 46 
路数2：
08 

2012074  杀号个数:19,错误个数:01
02 04 05 07 08 10 12 15 16 20 22 23 24 30 33 34 37 41 43 
路数0：
12 15 24 30 33 
路数1：
04 07 10 16 22 34 37 43 
路数2：
02 05 08 20 23 41 

2012075  杀号个数:21,错误个数:00
06 08 10 11 12 18 21 22 23 24 27 28 29 30 31 32 33 37 40 46 47 
路数0：
06 12 18 21 24 27 30 33 
路数1：
10 22 28 31 37 40 46 
路数2：
08 11 23 29 32 47 

2012076  杀号个数:20,错误个数:00
04 07 08 10 11 13 15 18 19 24 28 31 32 33 35 37 38 40 42 45 
路数0：
15 18 24 33 42 45 
路数1：
04 07 10 13 19 28 31 37 40 
路数2：
08 11 32 35 38 

2012077  杀号个数:19,错误个数:01
02 04 07 15 16 18 19 22 24 26 27 28 29 30 32 36 38 42 44 
路数0：
15 18 24 27 30 36 42 
路数1：
04 07 16 19 22 28 
路数2：
02 26 29 32 38 44 

2012078  杀号个数:21,错误个数:00
02 04 06 08 09 11 15 17 18 19 21 24 25 26 31 36 39 40 46 47 49 
路数0：
06 09 15 18 21 24 36 39 
路数1：
04 19 25 31 40 46 49 
路数2：
02 08 11 17 26 47 

2012079  杀号个数:17,错误个数:01
01 02 03 09 10 11 12 16 19 25 37 38 40 42 44 45 46 
路数0：
03 09 12 42 45 
路数1：
01 10 16 19 25 37 40 46 
路数2：
02 11 38 44 

2012080  杀号个数:19,错误个数:00
04 06 07 09 10 12 13 14 15 16 17 20 21 25 26 28 42 45 46 
路数0：
06 09 12 15 21 42 45 
路数1：
04 07 10 13 16 25 28 46 
路数2：
14 17 20 26 

2012081  杀号个数:18,错误个数:00
01 03 05 06 08 09 11 18 20 21 26 31 37 40 42 45 47 48 
路数0：
03 06 09 18 21 42 45 48 
路数1：
01 31 37 40 
路数2：
05 08 11 20 26 47 

2012082  杀号个数:21,错误个数:00
01 04 05 06 10 11 19 20 23 29 30 32 34 35 36 38 39 40 41 44 45 
路数0：
06 30 36 39 45 
路数1：
01 04 10 19 34 40 
路数2：
05 11 20 23 29 32 35 38 41 44 

2012083  杀号个数:20,错误个数:01
04 06 09 10 11 12 13 16 17 21 22 24 27 29 30 32 33 38 41 46 
路数0：
06 09 12 21 24 27 30 33 
路数1：
04 10 13 16 22 46 
路数2：
11 17 29 32 38 41 

2012084  杀号个数:17,错误个数:00
01 09 10 16 17 18 25 26 31 34 36 37 38 43 44 45 48 
路数0：
09 18 36 45 48 
路数1：
01 10 16 25 31 34 37 43 
路数2：
17 26 38 44 

2012085  杀号个数:20,错误个数:01
04 11 12 16 18 20 22 24 26 27 28 30 31 32 33 37 38 39 42 49 
路数0：
12 18 24 27 30 33 39 42 
路数1：
04 16 22 28 31 37 49 
路数2：
11 20 26 32 38 

2012086  杀号个数:20,错误个数:00
01 03 04 08 10 14 16 19 22 24 25 29 33 34 35 37 38 40 41 49 
路数0：
03 24 33 
路数1：
01 04 10 16 19 22 25 34 37 40 49 
路数2：
08 14 29 35 38 41 

2012087  杀号个数:21,错误个数:00
02 03 08 11 12 15 16 17 18 20 23 25 27 33 34 35 39 41 42 43 48 
路数0：
03 12 15 18 27 33 39 42 48 
路数1：
16 25 34 43 
路数2：
02 08 11 17 20 23 35 41 

2012088  杀号个数:20,错误个数:01
01 03 10 12 13 14 15 16 20 21 23 27 29 30 40 41 42 45 48 49 
路数0：
03 12 15 21 27 30 42 45 48 
路数1：
01 10 13 16 40 49 
路数2：
14 20 23 29 41 

2012089  杀号个数:20,错误个数:00
02 03 04 06 08 09 10 11 12 13 14 15 20 23 26 28 30 37 45 46 
路数0：
03 06 09 12 15 30 45 
路数1：
04 10 13 28 37 46 
路数2：
02 08 11 14 20 23 26 

2012090  杀号个数:18,错误个数:00
01 03 04 14 16 17 18 19 24 27 28 34 35 37 38 40 42 48 
路数0：
03 18 24 27 42 48 
路数1：
01 04 16 19 28 34 37 40 
路数2：
14 17 35 38 

2012091  杀号个数:19,错误个数:00
04 05 11 12 13 14 17 19 20 21 24 26 27 30 34 35 37 41 47 
路数0：
12 21 24 27 30 
路数1：
04 13 19 34 37 
路数2：
05 11 14 17 20 26 35 41 47 

2012092  杀号个数:20,错误个数:00
01 03 04 06 08 11 12 14 15 17 18 19 20 21 24 27 29 36 37 44 
路数0：
03 06 12 15 18 21 24 27 36 
路数1：
01 04 19 37 
路数2：
08 11 14 17 20 29 44 

2012093  杀号个数:20,错误个数:00
01 02 05 06 07 08 09 11 18 19 20 22 24 27 33 34 36 38 39 46 
路数0：
06 09 18 24 27 33 36 39 
路数1：
01 07 19 22 34 46 
路数2：
02 05 08 11 20 38 

2012094  杀号个数:19,错误个数:00
01 14 16 18 19 21 23 24 25 26 27 29 31 32 33 35 37 46 49 
路数0：
18 21 24 27 33 
路数1：
01 16 19 25 31 37 46 49 
路数2：
14 23 26 29 32 35 

2012095  杀号个数:22,错误个数:00
02 03 06 07 11 12 18 19 20 23 27 30 32 34 35 37 40 41 42 43 44 45 
路数0：
03 06 12 18 27 30 42 45 
路数1：
07 19 34 37 40 43 
路数2：
02 11 20 23 32 35 41 44 

2012096  杀号个数:18,错误个数:00
07 11 13 14 15 17 18 19 20 26 27 28 29 34 38 39 40 42 
路数0：
15 18 27 39 42 
路数1：
07 13 19 28 34 40 
路数2：
11 14 17 20 26 29 38 

2012097  杀号个数:17,错误个数:01
03 05 09 11 12 13 14 15 16 21 26 29 31 36 38 41 48 
路数0：
03 09 12 15 21 36 48 
路数1：
13 16 31 
路数2：
05 11 14 26 29 38 41 

2012098  杀号个数:20,错误个数:02
02 05 06 07 08 10 12 14 16 19 20 24 26 31 33 37 42 46 48 49 
路数0：
06 12 24 33 42 48 
路数1：
07 10 16 19 31 37 46 49 
路数2：
02 05 08 14 20 26 

2012099  杀号个数:22,错误个数:02
01 02 05 08 09 10 12 14 16 18 19 20 22 23 27 29 32 33 34 39 41 42 
路数0：
09 12 18 27 33 39 42 
路数1：
01 10 16 19 22 34 
路数2：
02 05 08 14 20 23 29 32 41 
下期杀号  杀号个数:22
02 06 10 12 14 16 20 25 28 30 31 32 33 34 35 36 37 38 39 40 41 44 
路数0：
06 12 30 33 36 39 
路数1：
10 16 25 28 31 34 37 40 
路数2：
02 14 20 32 35 38 41 44 
