
2012016期 48 错:
01 02 03 05 06 07 09 10 11 12 13 14 15 16 17 18 20 21 22 23 24 25 26 27 28 29 30 31 32 33 34 35 36 37 38 39 41 42 43 44 45 46 47 48 

2012017期 25 错:
01 02 03 06 07 09 10 11 12 13 14 15 16 17 18 20 21 22 23 24 25 26 27 28 29 30 31 32 33 34 35 36 37 38 39 41 42 43 44 45 46 47 48 49 

2012018期 08 对:
01 02 03 04 06 07 09 10 11 12 13 14 15 16 17 18 20 21 22 23 24 25 26 27 28 29 30 31 32 33 34 35 36 37 38 39 41 42 44 45 46 47 48 49 

2012019期 15 错:
01 02 03 04 05 06 07 09 10 11 12 13 14 15 16 17 18 20 21 22 23 24 25 26 27 28 29 30 31 32 33 34 35 36 37 38 39 41 42 44 45 46 47 48 49 

2012020期 17 错:
01 02 03 04 05 06 07 09 10 11 12 13 14 15 16 17 18 20 21 22 23 24 25 27 28 29 30 32 33 34 35 36 37 38 39 41 42 44 45 46 47 48 49 

2012021期 37 错:
01 02 03 04 05 06 07 09 10 11 12 13 14 15 16 17 18 20 21 22 23 24 25 27 28 29 30 33 34 35 36 37 38 39 41 42 43 44 45 46 47 49 

2012022期 22 错:
01 02 03 04 05 06 07 09 10 11 12 14 15 16 17 18 20 21 22 23 24 25 26 27 28 29 30 33 34 35 36 37 38 39 41 42 43 44 45 46 47 49 

2012023期 47 错:
01 02 03 04 05 06 07 08 09 10 11 12 14 15 16 17 18 20 21 22 24 25 26 27 28 29 30 33 34 35 37 38 39 41 42 43 44 45 46 47 49 

2012024期 13 对:
01 03 04 05 06 07 08 09 10 11 12 14 15 16 17 18 20 21 22 24 25 26 27 28 29 30 31 33 34 35 37 38 39 40 41 42 43 44 45 46 47 49 

2012025期 05 错:
01 03 04 05 06 07 08 09 10 11 12 14 15 16 17 18 20 21 22 24 25 26 27 28 29 30 31 33 34 35 37 38 39 40 41 42 43 44 45 46 47 49 

2012026期 32 对:
01 03 04 05 06 07 08 09 10 11 12 14 15 16 17 18 20 21 22 24 25 26 27 28 29 30 31 33 34 35 36 37 38 39 40 41 42 43 44 45 46 47 49 

2012027期 43 错:
01 03 04 05 06 07 08 09 10 11 12 14 15 16 17 18 20 21 22 24 25 26 27 28 30 31 33 34 35 36 37 38 39 40 41 42 43 44 45 46 47 49 

2012028期 34 错:
01 03 04 05 06 07 08 09 10 11 12 14 15 16 17 18 20 21 22 23 24 25 26 27 28 30 31 33 34 35 36 37 38 39 40 41 42 43 44 45 46 47 48 49 

2012029期 12 错:
01 03 04 05 07 08 09 10 11 12 14 15 16 17 18 20 21 22 23 24 25 26 27 28 30 31 33 34 35 36 37 39 40 41 42 43 44 45 46 47 48 49 

2012030期 06 对:
01 03 04 05 07 08 09 10 11 12 14 15 16 17 18 20 21 22 23 24 25 26 27 28 30 31 33 34 35 36 37 39 40 41 42 43 44 46 47 48 49 

2012031期 15 错:
01 03 04 05 06 07 08 09 10 11 12 13 14 15 16 17 18 21 22 23 24 25 26 27 28 30 31 33 34 35 36 37 39 40 41 42 43 44 45 46 47 48 49 

2012032期 37 错:
01 03 04 05 06 07 08 09 10 11 12 13 14 15 16 17 18 21 22 23 24 25 26 27 28 29 30 31 33 34 35 36 37 39 40 41 42 43 44 45 46 47 48 49 

2012033期 41 错:
01 02 03 04 05 06 07 08 09 10 11 12 13 14 15 16 17 18 21 22 23 24 25 26 27 28 29 30 31 33 34 35 36 37 38 39 40 41 42 43 44 45 46 47 48 49 

2012034期 34 错:
01 02 03 04 05 06 07 08 09 10 11 12 13 14 15 16 17 18 21 22 23 24 25 26 27 28 29 30 31 32 33 34 35 36 37 38 39 40 41 42 43 44 45 46 47 48 49 

2012035期 38 错:
01 02 03 04 05 06 07 08 09 10 11 12 13 14 15 17 18 21 22 23 24 25 26 27 28 29 30 31 32 33 34 35 36 37 38 39 40 42 43 44 45 46 47 48 49 

2012036期 08 错:
01 02 03 04 05 06 07 08 09 10 11 12 13 14 15 16 17 18 21 22 23 24 25 26 27 28 29 30 31 32 33 34 35 36 37 38 39 40 42 43 44 45 46 47 48 49 

2012037期 18 错:
01 02 03 04 05 06 07 08 09 10 11 12 13 14 16 17 18 19 21 23 24 25 26 27 28 29 30 31 32 33 34 35 36 37 38 39 40 42 43 44 45 46 47 48 49 

2012038期 42 错:
01 02 03 04 05 06 07 08 09 10 11 13 16 17 18 19 20 21 23 24 25 26 28 29 30 31 32 33 34 35 36 37 38 39 40 42 43 44 45 46 47 48 49 

2012039期 14 对:
01 02 03 04 05 06 07 08 09 10 11 13 15 16 17 18 19 20 21 23 25 26 28 29 30 31 32 33 34 35 36 37 38 39 40 41 42 43 44 45 46 47 48 49 

2012040期 44 错:
01 02 03 04 05 06 07 08 09 10 11 13 14 15 16 17 18 19 20 21 22 23 24 25 26 28 29 30 31 32 33 34 35 36 37 38 39 41 42 43 44 45 46 47 48 49 

2012041期 06 错:
02 03 04 05 06 07 08 09 10 11 13 14 15 16 17 18 19 20 21 22 23 24 25 26 28 29 30 31 32 33 34 35 36 37 38 39 41 42 43 44 45 46 47 48 49 

2012042期 41 错:
02 03 04 05 06 07 08 09 10 11 13 14 15 16 17 18 19 20 21 22 23 24 25 26 28 29 30 31 32 33 34 35 36 37 38 39 41 42 43 44 45 46 47 48 49 

2012043期 25 错:
02 03 04 06 07 08 10 11 13 14 15 16 17 18 19 20 21 22 23 24 25 26 28 29 30 31 32 33 34 35 37 38 39 40 41 42 43 44 45 46 47 48 49 

2012044期 04 错:
02 03 04 06 07 08 10 11 13 14 15 16 17 18 19 20 21 22 23 24 25 26 28 29 30 31 32 33 34 35 37 38 40 41 42 43 44 45 46 47 48 49 

2012045期 23 错:
02 03 04 05 06 07 10 11 12 13 14 15 16 17 18 19 20 21 22 23 24 25 26 28 29 30 31 32 33 34 35 37 38 40 41 42 43 44 45 46 47 48 49 

2012046期 02 错:
01 02 03 04 05 06 07 10 11 12 13 14 15 16 17 18 19 20 21 22 23 24 25 26 28 29 30 31 32 33 34 35 37 38 40 41 42 43 44 45 46 47 48 49 

2012047期 45 错:
01 02 03 04 05 06 07 10 11 12 13 14 15 16 17 18 19 20 21 22 23 24 25 26 28 29 30 31 32 33 34 35 37 38 40 41 42 43 44 45 46 47 48 49 

2012048期 14 错:
01 02 03 04 05 06 07 10 11 12 13 14 15 16 17 18 19 20 21 22 23 24 25 26 28 29 30 31 32 33 34 35 37 38 40 41 42 43 44 45 46 47 48 49 

2012049期 38 对:
01 02 03 04 05 06 07 10 11 12 13 14 15 16 17 18 19 20 21 22 23 24 25 26 28 29 30 31 32 33 34 35 37 40 41 42 43 44 45 46 47 49 

2012050期 22 错:
01 02 03 04 05 06 07 10 11 12 13 14 15 16 17 18 19 20 21 22 24 25 26 28 29 30 31 32 33 34 35 37 40 41 42 43 44 45 46 47 49 

2012051期 03 错:
01 02 03 04 05 06 07 10 11 12 13 14 15 16 17 18 19 20 21 22 24 25 26 28 29 30 31 32 33 34 35 37 40 41 42 44 45 46 47 49 

2012052期 08 对:
01 02 03 04 05 06 07 10 11 12 13 14 15 16 17 18 19 20 21 22 24 25 26 28 29 30 31 32 33 34 35 37 39 40 41 42 44 45 46 47 49 

2012053期 35 错:
01 02 03 04 05 06 07 09 10 11 12 13 14 15 16 17 18 19 20 21 22 24 25 26 28 29 30 31 32 33 34 35 37 39 40 41 42 44 45 46 47 49 

2012054期 41 错:
01 02 03 04 05 06 07 09 10 11 12 13 14 15 16 17 18 19 20 21 22 23 24 25 26 28 29 30 31 32 33 34 35 37 39 40 41 42 45 46 47 49 

2012055期 04 错:
01 02 03 04 05 06 07 09 10 11 12 13 14 15 16 17 19 20 21 22 23 24 25 26 28 29 30 31 32 33 34 35 37 39 40 41 42 45 46 47 49 

2012056期 32 错:
01 02 03 04 05 06 07 09 10 11 12 13 14 15 16 17 19 20 21 22 23 25 26 28 29 30 31 32 33 34 35 37 39 40 41 42 45 46 47 49 

2012057期 40 错:
01 02 03 04 05 06 07 09 10 11 12 13 14 15 16 17 19 20 21 22 23 25 26 27 28 29 30 31 32 33 34 35 37 39 40 41 42 45 46 47 49 

2012058期 33 错:
01 02 03 04 05 06 07 09 10 11 12 13 14 15 16 17 19 20 21 22 23 26 27 28 29 30 31 32 33 34 35 37 39 40 41 42 45 46 47 49 

2012059期 41 错:
01 02 03 04 05 06 07 08 09 10 11 12 13 14 15 16 17 19 20 21 22 23 26 27 28 29 30 31 32 33 34 35 37 39 41 42 45 46 47 49 

2012060期 34 错:
01 02 03 04 05 07 08 09 10 11 12 13 14 15 16 17 19 20 21 22 23 26 27 28 29 30 31 32 33 34 37 39 40 41 42 45 46 47 49 

2012061期 07 错:
01 02 03 04 05 07 08 09 10 11 13 14 15 16 17 19 20 21 22 23 26 27 28 29 30 31 32 33 34 37 38 39 40 41 42 45 46 47 49 

2012062期 46 错:
01 02 03 04 05 07 08 09 10 11 13 14 15 16 17 18 19 20 21 22 23 26 27 28 29 30 31 32 33 34 37 38 39 40 41 45 46 47 49 

2012063期 38 错:
01 02 03 04 05 07 08 09 10 11 13 14 15 16 17 18 19 20 21 22 23 24 26 27 28 29 30 31 32 33 34 37 38 39 40 41 45 46 47 49 

2012064期 37 错:
01 02 03 04 05 08 09 10 11 13 14 15 16 17 18 19 20 21 22 23 24 26 27 28 29 30 31 32 33 34 37 38 39 40 41 43 45 46 47 49 

2012065期 37 错:
01 02 03 04 05 08 09 10 11 13 14 15 16 17 18 19 20 21 22 23 24 26 27 28 29 30 31 32 33 34 35 37 38 39 40 41 43 45 46 47 49 

2012066期 09 错:
01 02 03 04 05 08 09 10 11 13 14 15 16 17 18 19 20 21 22 23 24 26 27 28 29 30 31 32 33 34 35 37 38 39 40 41 43 45 46 47 48 49 

2012067期 06 对:
01 02 03 04 05 08 09 10 11 13 14 15 16 17 18 19 20 21 22 23 24 26 27 29 30 31 32 33 34 35 37 38 39 40 41 43 44 45 46 47 48 49 

2012068期 32 错:
01 02 03 04 05 07 08 09 10 13 14 15 16 17 18 19 20 21 22 23 24 25 26 27 29 30 31 32 33 34 35 36 37 38 39 40 41 43 44 45 46 47 48 49 

2012069期 09 错:
01 02 03 04 05 06 07 08 09 10 13 14 15 16 17 18 19 20 21 22 23 24 25 26 27 29 30 31 32 33 34 35 36 37 38 39 40 41 43 44 45 46 47 48 49 

2012070期 24 错:
01 02 03 04 05 06 07 08 09 10 13 14 15 16 17 18 19 20 21 22 23 24 25 26 27 29 30 31 32 33 34 35 36 37 38 39 40 41 42 43 44 45 47 48 49 

2012071期 28 对:
01 02 03 04 05 06 07 08 09 10 13 14 15 16 17 18 19 20 21 22 23 24 25 26 27 29 30 31 32 33 34 35 36 37 38 39 40 41 42 43 44 47 48 49 

2012072期 39 错:
01 02 03 04 05 06 07 08 09 10 13 14 15 16 17 18 19 20 21 22 23 24 25 26 27 29 30 31 32 34 35 36 37 38 39 40 41 42 43 44 47 48 49 

2012073期 47 错:
01 02 03 04 05 06 07 08 09 10 13 14 15 16 17 18 19 20 21 22 23 24 25 26 28 29 30 31 32 34 35 36 37 38 39 40 41 42 43 44 47 48 49 

2012074期 24 错:
01 02 03 04 05 06 07 08 09 10 13 14 15 16 17 18 19 20 21 22 24 25 26 27 28 29 30 31 32 34 35 36 37 38 39 40 42 43 44 47 48 49 

2012075期 01 对:
02 03 04 05 06 07 08 09 10 13 14 15 16 17 18 19 20 21 22 24 25 26 27 28 29 30 31 32 34 35 36 37 38 39 40 41 42 43 44 47 48 49 

2012076期 20 错:
02 03 04 05 06 07 08 09 10 12 13 14 15 16 17 18 19 20 21 22 24 25 26 27 28 29 30 31 32 34 35 36 37 38 39 40 41 42 43 44 47 48 49 

2012077期 44 错:
02 03 04 05 06 07 08 09 10 11 12 13 14 15 16 17 18 19 20 21 22 24 25 26 27 28 29 30 31 32 34 35 36 37 38 39 40 41 42 43 44 47 48 49 

2012078期 37 错:
01 02 03 04 05 06 07 08 09 10 11 12 13 14 15 16 17 18 19 20 21 22 24 25 26 27 28 29 30 31 32 34 35 36 37 38 39 40 41 42 43 44 46 47 48 49 

2012079期 03 错:
01 02 03 04 05 06 07 08 09 10 11 12 13 14 15 16 17 18 19 20 21 22 24 25 26 27 28 29 30 31 32 34 35 36 37 38 39 40 41 42 43 44 46 47 48 49 

2012080期 43 错:
01 02 03 04 05 06 07 08 09 10 11 12 13 14 15 16 17 18 19 20 21 22 24 25 26 27 28 29 30 31 32 33 34 35 36 37 38 39 40 41 42 43 44 46 48 49 

2012081期 27 错:
01 02 03 04 05 06 07 08 09 10 11 12 13 14 15 16 17 18 19 20 22 24 25 26 27 28 29 30 31 32 33 34 35 36 37 38 39 40 41 42 44 46 48 49 

2012082期 03 错:
01 02 03 04 05 06 07 08 09 10 11 12 13 14 15 16 17 18 19 22 24 25 26 27 28 29 30 31 32 33 34 35 36 37 38 39 40 41 42 44 46 48 49 

2012083期 29 错:
01 02 03 04 05 06 07 08 09 10 11 12 13 14 16 17 19 20 22 24 25 26 27 28 29 30 31 32 33 34 35 36 37 38 39 40 41 42 44 46 48 49 

2012084期 13 错:
01 02 03 04 05 06 07 08 09 10 11 12 13 14 16 17 19 20 22 23 24 26 27 28 29 30 31 32 33 34 35 36 37 38 39 40 41 42 44 45 46 48 49 

2012085期 31 错:
01 02 03 04 05 06 07 08 09 10 11 12 13 14 15 16 17 19 20 22 23 24 26 27 28 30 31 32 33 34 35 36 37 38 39 40 41 42 44 45 46 48 49 

2012086期 32 错:
01 02 03 04 05 06 07 08 09 10 11 12 13 14 15 16 17 19 20 22 23 24 26 27 28 30 31 32 33 34 35 36 37 38 39 40 41 44 45 46 48 49 

2012087期 05 错:
01 02 03 04 05 06 07 08 09 10 11 12 13 14 15 16 17 18 19 20 22 23 24 25 26 27 28 30 31 32 33 34 35 36 37 38 39 40 41 44 45 46 48 49 

2012088期 01 错:
01 02 03 04 05 06 07 08 09 10 11 12 13 14 15 16 17 18 19 20 22 23 24 25 26 27 28 30 31 32 33 34 35 36 37 38 39 40 41 44 45 46 47 49 

2012089期 07 错:
01 02 03 04 05 06 07 08 09 10 11 12 13 14 15 16 17 18 19 20 22 23 24 25 26 27 28 30 31 32 33 34 35 36 37 38 39 40 41 44 45 46 47 49 

2012090期 12 错:
01 02 03 04 05 06 07 08 09 10 11 12 13 14 15 16 17 18 19 20 22 23 24 25 26 27 28 30 31 32 33 34 35 36 37 38 39 40 41 42 44 45 46 47 49 

2012091期 10 错:
01 02 03 04 05 06 07 08 09 10 11 12 13 14 15 16 17 18 19 20 22 23 24 25 26 27 28 30 31 33 34 35 36 38 39 40 41 42 44 45 46 47 49 

2012092期 48 对:
01 02 03 04 05 06 07 08 09 10 11 12 13 15 16 17 18 19 20 22 23 24 25 26 27 28 30 33 34 35 36 38 39 40 41 42 44 45 46 47 49 

2012093期 16 错:
01 02 04 05 06 07 08 09 10 11 12 13 15 16 17 18 19 20 22 23 24 25 28 30 31 33 34 35 36 38 39 40 41 42 44 45 46 47 49 

2012094期 28 错:
02 04 05 06 07 08 09 10 11 12 13 15 16 17 18 19 20 22 23 24 25 28 30 31 33 34 35 36 37 38 39 40 41 42 44 45 46 47 49 

2012095期 08 错:
02 05 06 07 08 09 10 11 12 13 15 16 17 18 19 20 22 23 24 25 28 30 31 33 34 35 37 38 39 40 41 42 44 45 46 47 49 

2012096期 45 错:
02 05 06 07 08 09 10 11 12 13 15 16 17 18 19 20 22 23 24 25 28 30 31 32 34 35 37 38 40 41 42 44 45 46 47 48 49 

2012097期 48 错:
01 02 05 06 07 08 09 10 11 12 13 15 16 17 18 19 20 22 23 24 25 28 30 31 32 34 35 36 37 38 40 41 42 44 45 46 47 48 49 

2012098期 05 错:
01 02 05 06 07 08 09 10 11 12 13 15 16 18 19 20 22 23 24 25 28 30 31 32 34 35 36 37 38 40 41 42 44 45 46 47 48 49 

2012099期 27 对:
01 02 03 05 06 07 08 09 10 11 12 13 15 16 18 19 20 21 22 23 24 25 28 30 31 32 34 35 36 37 38 40 41 42 44 45 46 47 48 49 

2012100期 45 错:
01 02 03 05 06 07 08 09 10 11 12 13 15 16 17 18 19 20 21 22 23 24 25 28 29 31 32 34 35 36 37 38 40 41 42 44 45 46 47 48 49 

2012101期 38 错:
01 02 03 05 06 07 08 09 10 11 12 13 15 16 17 18 19 20 21 22 23 24 25 26 28 29 31 32 34 35 36 37 38 40 41 42 44 45 46 47 48 49 

2012102期 38 错:
01 02 03 05 06 07 08 09 10 11 12 13 15 16 17 18 19 20 21 22 23 24 25 26 28 29 31 32 34 35 36 37 38 40 41 42 44 45 46 47 48 49 

2012103期 03 错:
01 02 03 05 06 07 08 09 10 11 12 13 15 16 17 19 20 21 22 23 24 25 26 28 29 31 32 34 35 36 37 38 40 41 42 43 44 45 46 47 48 49 

2012104期 29 错:
01 02 03 05 06 07 08 09 10 11 12 13 15 16 17 19 20 21 22 23 24 25 26 28 29 31 32 33 34 36 37 38 40 41 42 43 44 45 46 47 48 49 

2012105期 37 错:
01 02 03 04 05 06 07 08 09 10 11 12 13 15 16 17 19 20 21 22 23 24 25 26 27 28 29 31 32 33 34 36 37 38 40 41 42 43 44 45 46 47 48 49 

2012106期 43 错:
01 02 03 04 05 06 07 09 10 11 12 13 15 16 17 19 20 21 22 23 24 25 26 27 28 29 31 32 33 34 36 37 38 39 40 41 42 43 44 45 46 47 48 49 

2012107期 43 错:
01 02 03 04 05 06 07 09 10 11 12 13 15 16 17 19 20 21 22 23 24 25 26 27 28 29 31 32 33 34 36 37 38 39 41 42 43 45 46 47 48 49 

2012108期 42 错:
01 02 03 04 05 06 07 09 10 11 12 13 15 16 17 18 19 20 21 22 23 24 25 26 27 28 29 31 32 33 34 36 37 38 39 41 42 43 45 47 48 49 

2012109期 39 错:
01 02 03 04 05 06 07 09 10 11 12 13 15 16 17 18 19 20 21 22 23 24 25 26 27 28 29 31 32 33 34 36 37 38 39 41 42 43 45 47 48 49 

2012110期 40 对:
01 02 03 04 05 06 07 09 10 11 12 13 15 16 17 18 19 20 21 22 23 24 25 26 27 28 29 31 32 33 34 35 36 38 39 41 42 43 45 47 48 49 

2012111期 47 错:
01 02 03 04 06 07 09 10 11 12 13 15 16 17 18 19 20 21 22 24 25 26 27 28 29 31 32 33 34 35 36 38 39 41 42 43 45 47 48 49 

2012112期 28 错:
01 02 03 04 06 07 09 10 11 12 13 15 16 17 18 19 20 21 22 24 25 26 27 28 29 31 32 33 34 35 36 38 39 40 41 42 43 45 47 48 49 

2012113期 32 错:
01 02 03 04 06 07 08 09 10 11 12 13 15 16 17 18 19 20 21 22 24 25 26 27 28 29 31 32 33 34 35 36 38 39 40 41 42 43 45 47 48 49 

2012114期 13 错:
01 02 03 04 06 07 08 09 10 11 12 13 15 16 17 18 19 20 21 22 24 25 26 27 28 29 31 32 33 34 35 36 37 38 39 40 41 42 43 44 45 47 48 49 

2012115期 09 错:
01 02 03 04 06 07 08 09 10 11 12 13 15 16 17 18 19 20 21 22 24 25 26 27 28 29 31 32 33 34 35 36 37 38 39 40 41 42 43 44 45 47 48 49 
下期预测:
01 02 03 04 06 07 08 09 10 11 12 13 15 16 17 18 19 20 21 22 24 25 26 27 28 29 31 32 33 34 35 36 37 38 39 40 41 42 43 44 45 47 48 49 



