2012048字_816 01 02 03 13 29 31 06 ;
2012048字_816 04 10 12 27 29 30 08 ;
2012048字_379 15 16 18 21 22 33 07 ;
2012048字_606 09 15 17 20 28 32 07 ;
2012048字_675 06 14 19 24 26 30 10 ;


2 8 13 17 26 19
4 8 15 16 24 27 29
4 8 16 22 24 26
5
9


19 15 25 9  8


4 8 16 22 25 27
4 12 19 25 22 26
4 7  15 26 17 29
4 8 15 25  26 29

5 9 15 23 27 29


15 18 26

1 4 

4 19 25














2012128 37 39 06 28 08 01 42 ;
2012129 47 26 37 44 31 15 43 ;
2012130 26 45 47 35 28 09 25 ;
2012131 29 05 30 26 25 03 31 ;
2012132 46 20 36 41 18 48 21 ;
2012133 12 07 24 39 43 48 30 ;
