115∆⁄£∫
…±4V
…±8V


0V£∫…±20 40 10          ==°∑30
1V£∫…±11 41             ==°∑01 21 31 
2V£∫…±22 32  12         ==°∑42==0
3V: …±33                ==°∑03 13 23 43
4V£∫…±14 24 44          ==°∑04==0
5V£∫…±25 15             ==°∑
6V£∫…±36 26 16          ==°∑06 46==46
7V£∫                    ==°∑07 17 37 47
8V£∫…±08 18 38 48  ==°∑0
9V£∫…±29                ==°∑9 19 39 49



ºŸ…Ë’˝»∑:
08 09 10 14 15 16 18 20 22 24 25 26 29 31 32 33 36 40 44 
ºŸ…Ë¥ÌŒÛ£∫

07 08 10 12 13 17 21 25 29 32 37 45 46 49

07 12 13 17 21 37 //45 46 49

ºŸ…Ë¥Ì£∫
01 19 21 22 23 29 36 38 39 48  


19 21 23 39
ΩªºØ¥ÌŒÛ:
21

30 21 31 
13 23 
5 15 25 35 
16
07 17 37
19 29 39



05 07 09 10 13 15 16 17 19 21 23 25 27 29 30 31 32 33 35 37 39


116£∫
…±6V
…±4V
…±5V


0V     …±40             ==°∑10 20 30 ==°∑10 30 ==°∑10
1V     …±41…±31 01      ==°∑11 21              ==°∑11 21
2V     …±42             ==°∑02 12 22 32        ==°∑02 12 22
3V     …±43 …±13 …±33   ==°∑03 23              ==°∑03 13
7V     …±47 …±07 …±37   ==°∑17                 ==°∑0
8V     …±48 …±          ==°∑08 18 28 38        ==°∑18 28
9V     …±49 …±09 19     ==°∑39                 ==°∑39==°∑0 19

10∏ˆ∫≈¬Î£∫
02 03 10 11 12 13 18 19 21 22

…±11 21
03 10 13 18 19
==°∑
03 10 18 19
==°∑03 10 18 ==°∑03 10

…±01 09 17 25 33 41 49
…±07 13 19 25 31 37 43

02 03 04 05 06 10 11 12 18 19 
14 20 21 26 27 28 29 34 35 42

==°∑
03 10 11 12 18 19 
20 21 27 28 29
==°∑03 10 11 12 19
    20 21 27 28 29
==°∑
20 19 10 18 03
22

20 21 22    ==°∑20
03 10 18 19 ==°∑10



08 20 23 41 
01 02 06 10 12 13 16 19 26 27 29 30 37 38 40 46 