总注数：38760 缩水后：64
03 06 11 17 21 31:08
03 06 11 17 21 33:08
03 06 11 20 21 31:08
03 06 11 20 21 33:08
03 06 15 17 21 31:08
03 06 15 17 21 33:08
03 06 15 20 21 31:08
03 06 15 20 21 33:08
03 06 16 17 21 31:08
03 06 16 17 21 33:08
03 06 16 20 21 31:08
03 06 16 20 21 33:08
03 08 11 17 21 31:08
03 08 11 17 21 33:08
03 08 11 20 21 31:08
03 08 11 20 21 33:08
03 08 15 17 21 31:08
03 08 15 17 21 33:08
03 08 15 20 21 31:08
03 08 15 20 21 33:08
03 08 16 17 21 31:08
03 08 16 17 21 33:08
03 08 16 20 21 31:08
03 08 16 20 21 33:08
03 11 15 17 21 31:08
03 11 15 17 21 33:08
03 11 15 20 21 31:08
03 11 15 20 21 33:08
03 11 16 17 21 31:08
03 11 16 17 21 33:08
03 11 16 20 21 31:08
03 11 16 20 21 33:08
05 06 11 17 21 31:08
05 06 11 17 21 33:08
05 06 11 20 21 31:08
05 06 11 20 21 33:08
05 06 15 17 21 31:08
05 06 15 17 21 33:08
05 06 15 20 21 31:08
05 06 15 20 21 33:08
05 06 16 17 21 31:08
05 06 16 17 21 33:08
05 06 16 20 21 31:08
05 06 16 20 21 33:08
05 08 11 17 21 31:08
05 08 11 17 21 33:08
05 08 11 20 21 31:08
05 08 11 20 21 33:08
05 08 15 17 21 31:08
05 08 15 17 21 33:08
05 08 15 20 21 31:08
05 08 15 20 21 33:08
05 08 16 17 21 31:08
05 08 16 17 21 33:08
05 08 16 20 21 31:08
05 08 16 20 21 33:08
05 11 15 17 21 31:08
05 11 15 17 21 33:08
05 11 15 20 21 31:08
05 11 15 20 21 33:08
05 11 16 17 21 31:08
05 11 16 17 21 33:08
05 11 16 20 21 31:08
05 11 16 20 21 33:08
