69V =1-2
79V =1-2

09 11 17 23 = 1-2
04 06 08 09 = 1-2

01 05 09 14 21 30 31 ==¡·05 09        
05 06 19 21 30       ==¡·05 19           05
01 08 16 25 28 30    ==¡·08 16 25 28     ==¡· 16 25
02 04 05 10 12 16    ==¡·05 12 16
03 05 17 18 20 33    ==¡·03 05 17 18
04 11 18 24 27 29    ==¡·18 27 29
02 10 11 12 28 32    ==¡·02 12 28 32
01 14 20 27 31       ==¡·27
23 26=1              ==¡·23


00²ã:   01 05 07 13 29 32                                         ==¡·05 07 29 32 ==¡·05 07 32
01²ã:   20 26 27 28 33                            ==¡·20 26 27    ==¡·26 27       ==¡·26 27
02²ã:   03 10 12 30                               ==¡·10 12 30    ==¡·03 12       ==¡·03 12
03²ã:   08 18 25                                  ==¡·08 18       ==¡·08 18 25    ==¡·25
04²ã:   22 31                                     ==¡·0


18: 23                                            ==¡·23
19: 16                                            ==¡·16
20: 14                                            ==¡·0
22: 11                                            ==¡·0
23: 01 30                                         ==¡·0
24: 06 18 25 32                                   ==¡·32
25: 10 12 21                                      ==¡·12
26: 31                                            ==¡·31
27: 17 19                                         ==¡·19
28: 04 07 08 15 26 27                             ==¡·07 26 27
29: 02 09 22 28 33                                ==¡·09 22    ==¡·09
30: 03 13 20 29                                   ==¡·03 29
32: 05                                            ==¡·05
35: 24                                            ==¡·0


09 16 17 19 23

