127期：

26 09 01 25 08
04 10 14 23
08 10 25 31
18 22 23 29
01 09 12 27 28 32
01 09 12 17 19 21

杀21 22 23 24


10 16 28=1


[2012128]
①=05 14 21 25 29 30 + 15
②=19 21 25 27 29 30 + 09
③=04 14 21 25 29 31 + 03
④=03 10 25 27 30 32 + 01
⑤=05 14 25 27 29 30 + 03



2012129:




[2012129]
①=04 09 14 16 22 23 + 09
②=04 14 15 16 23 33 + 09
③=07 16 21 24 29 33 + 10
④=09 16 18 23 24 33 + 02
⑤=10 14 16 21 23 24 + 09

杀蓝：
01 05 06 07 08 09 10 12 13 14

==》02 03 04 11 15 16

杀头：
01 03 09 14
杀红：
19 10

杀尾：
24 25 26 29 32 33

27？

不同出：
05 09
09 12 
08 14
03 15

49V 不同出




02 26=1  ==》02
23 29=1  ==》23
必出V：
23V
4V必出
7V

杀9V
杀07到12
杀31 26 31 16 11 06
杀09 20 29 31 32 33


01 03 06 08 09 10 11 12 19 20 26 29 31 32 33

==》
02 04 07  13 14 15 16 17 18 20 21 22 23 24 25 27 28 30

==》
02 04 05 ==1到2
13到18=1到2
20到25=1到2
27 28 30=1到2


01 03 05 06 07 08 09 11 12 13 15 21 23 24 25 26 27 29 30 31 32 33     个数22
02 04 10 14 16 17 18 19 20 22 28     个数11


13 15 21 23 24 25 27
02 17 18 28     个数11





尾不同出：
025 259 901

13 14 15 16 17 18=？ ==>15
07 13 14 19 20 25=? ==》13 25
25 31 32 10 21=?    ==》25 21
07 08 09 10 18 31=？==》18 
04 07=？            ==》04 07
02 24 25 28=？      ==》02 24 25 28
01 07 12 22 24 32=？==》24
03 04 05 21 24 28=？==》21 24 28


06 07 25 27=？

2012128:
17: 01 16 23                                      ==》
19: 14 21 30                                      ==》30 
20: 07 11 18                                      ==》
21: 06 17 31 32                                   ==》31 
22: 08 12 25                                      ==》12 
23: 19                                            ==》
24: 10 27 28                                      ==》
25: 02 05 29                                      ==》05 29 
26: 13 20 26                                      ==》
27: 03 04 09 15 22 33                             ==》09 
34: 24                                            ==》


17: 01 16 23                                      ==》23
19: 14 21                                         ==》21
20: 07 11 18 30                                   ==》11
21: 06 17 32                                      ==》17
22: 08 25 31                                      ==》25
23: 12 19                                         ==》19
24: 10 27 28                                      ==》27 28
25: 02                                            ==》02
26: 05 13 20 26 29                                ==》13 
27: 03 04 15 22 33                                ==》15
28: 09                                            ==》09
34: 24                                            ==》24


自己精杀：

07 08 10 12
14 16 26


02 09 11 13 15 17 21 23 24 25 27 28 ;



02 11 13 15 17 21 23 24 28 ;

02 25 28


131:
明智：
09 10 18 19 27     ==》18 27   
20 15 03 19 14     ==》15
17 06 27 22 20 03  ==》27
08 12 18 26 31 33  ==》18 
19 27 29 21 25 20  ==》25 27

04 09 14 19 23 29=?==》23
01 05 19 22 30 12=?==》05

01 05 10           ==》05
02 03 04 05 06=?   ==》05

自己绝杀号：
01到08 ==》05 07 没杀

龙头07杀

绝杀号：
01 02 03 04 06 08 10 11 12 14 17 19 28


05 07 09 13 15 20 21 22 23 24 25 27 29 30 31 32 33


01 03 05 07 09 11 12 15 17 20 21 22 23 24 26 29 30 31 32     个数19
02 04 06 08 10 13 14 16 18 19 25 27 28 33     个数14


05 07 09 11 12 15 17 20 21 22 23 24 26 29 30 31 32     个数19
13 16 18 25 27



2012130:
17: 16 23                                         ==》
18: 01                                            ==》01 
19: 14                                            ==》
20: 11 18 21 30                                   ==》
21: 06 07 32                                      ==》
22: 08 17 25 31                                   ==》31 
23: 12 19                                         ==》
24: 10 27 28                                      ==》
25: 02                                            ==》
26: 05 13 20 26                                   ==》20 
27: 03 04 15 22 29 33                             ==》03 15 22 
29: 09                                            ==》
34: 24                                            ==》


17: 16 23                                         ==》16 23
19: 01 14                                         ==》14
20: 11 18 21 30                                   ==》18 21
21: 06 07 32                                      ==》07
22: 08 17 25                                      ==》25
23: 12 19 31                                      ==》12
24: 10 27 28                                      ==》27
25: 02                                            ==》02
26: 05 13 26                                      ==》05 13 26
27: 04 20 29 33                                   ==》
28: 03 15 22                                      ==》15 22
29: 09                                            ==》09 
34: 24                                            ==》24


02.14.18.21.30=？==》02 18

05 07 13 14 18 20 21 22 23 24 25 27 30 32 33

3V
8V==》18

135
012
237
029

杀12 18 28 31 33 22
18 22 31杀

02 05 07 13 14 18 19 20 21 22 23 24 25 26 27


02 05 07 10 13 18 20 23 24 25 26 27

02 05 13 18 23 24 25 27



132:
2 3 4 5 6 8 9 10 12 16 18 19 20 22 26 28 30 32



04 17 21 23

11 30

前三：
08 10 11 18 20 21

一区：2 3 5


六尾：
3 2 1 7 0 9

二V:
3 7 5 4 8 9


28 29 30 31 32

24 25 26 27




01 03 05 06 07 09 12 15 16 17 18 19 20 21 22 25 26 28 29 30 31 32     个数22
02 04 08 10 11 13 14 23 24 27 33     个数11












绝杀：
01 08 15 22 29
06 11 16 21 26 31

02 08 14 20 26 32=0到1


01 03 06 07 08 09 11 12 15 16 17 18 19 20 21 22 25 26 28 29 31 32     个数22
02 04 05 10 13 14 23 24 27 30 33     个数11


03 07 08 12 17 18 19 22 25 28 29     个数22
02 04 05 13 14 23 24 27 33     个数11


01：07 12 16 17 25
02：06 18 19 26 28 32
03：03 15 22 31
04：09




2012133:
17: 23                                            ==》
18: 16                                            ==》
19: 01 14                                         ==》01 
20: 11 30                                         ==》11 
21: 18 21                                         ==》21 
22: 06 07 08 32                                   ==》08 
23: 17 25 31                                      ==》
24: 10 12 19 27                                   ==》
25: 02 28                                         ==》
26: 05 13                                         ==》
27: 04 20 26 29 33                                ==》20 29 
28: 03 15 22                                      ==》
29: 09                                            ==》
34: 24                                            ==》


17: 23                                            ==》23
18: 16                                            ==》0
19: 14                                            ==》14
20: 01 30                                         ==》30
21: 11 18                                         ==》18
22: 06 07 21 32                                   ==》06 07 
23: 08 17 25 31                                   ==》08 17 25
24: 10 12 19 27                                   ==》10 12 19 27
25: 02 28                                         ==》02 28
26: 05 13                                         ==》05 13
27: 04 26 33                                      ==》04 26 33
28: 03 15 20 22 29                                ==》
29: 09                                            ==》
34: 24                                            ==》
