2012317 03 01 05 ;
2012318 01 01 00 ;
2012319 02 08 06 ;
2012320 04 02 08 ;
2012321 09 03 06 ;
2012322 05 02 04 ;
2012323 08 08 09 ;
2012324 01 01 04 ;
2012325 06 05 06 ;
2012326 08 01 04 ;
2012327 03 01 00 ;
2012328 06 04 04 ;
2012329 05 09 05 ;
2012330 05 03 04 ;
2012331 03 08 02 ;
2012332 05 02 03 ;
2012333 07 04 04 ;
2012334 00 00 06 ;
2012335 04 09 03 ;
2012336 02 05 00 ;
2012337 05 07 06 ;
2012338 00 09 07 ;
2012339 02 09 04 ;
2012340 00 04 06 ;
2012341 02 00 04 ;
2012342 03 07 03 ;
2012343 02 09 06 ;
2012344 02 09 06 ;
2012345 02 09 03 ;
2012346 09 09 02 ;
2012347 05 07 06 ;