
2012002:
  杀号个数:16,错误个数:05
01 02 06 07 09 10 11 12 13 15 16 19 21 24 31 32 

2012003:
  杀号个数:19,错误个数:04
01 03 04 05 06 08 09 11 12 14 15 19 20 21 22 26 27 29 30 

2012004:
  杀号个数:16,错误个数:02
02 03 10 11 12 13 14 15 16 18 19 20 22 25 27 28 

2012005:
  杀号个数:17,错误个数:04
02 05 06 07 10 14 16 17 18 20 22 23 24 25 27 28 31 

2012006:
  杀号个数:17,错误个数:04
04 06 08 09 11 13 14 15 16 22 24 25 26 27 28 32 33 

2012007:
  杀号个数:19,错误个数:04
03 04 06 07 09 10 11 12 13 15 16 17 22 25 27 29 30 31 32 

2012008:
  杀号个数:18,错误个数:02
02 03 05 06 07 09 10 11 13 14 15 19 20 22 23 26 28 33 

2012009:
  杀号个数:15,错误个数:03
01 02 08 09 10 15 17 19 21 22 23 24 27 28 33 

2012010:
  杀号个数:21,错误个数:03
04 06 08 11 12 13 14 15 17 18 19 20 21 22 23 24 26 27 28 29 31 

2012011:
  杀号个数:15,错误个数:02
02 08 10 11 12 16 17 18 19 20 23 25 27 30 33 

2012012:
  杀号个数:16,错误个数:05
01 09 10 12 13 14 17 18 19 20 21 22 23 27 29 30 

2012013:
  杀号个数:18,错误个数:03
01 02 04 05 08 10 11 12 15 16 17 22 24 25 26 28 31 32 

2012014:
  杀号个数:17,错误个数:05
01 03 05 12 13 15 16 18 19 20 22 23 24 26 28 30 31 

2012015:
  杀号个数:18,错误个数:05
01 02 03 06 07 09 10 12 13 17 18 19 21 25 27 28 29 30 

2012016:
  杀号个数:16,错误个数:03
02 03 06 08 10 11 13 14 15 16 17 20 22 24 27 30 

2012017:
  杀号个数:19,错误个数:05
06 07 09 10 11 12 14 15 16 17 18 19 20 22 23 25 26 29 30 

2012018:
  杀号个数:14,错误个数:03
05 14 15 16 17 18 19 20 21 22 25 27 28 32 

2012019:
  杀号个数:16,错误个数:03
01 03 10 11 12 13 17 18 19 20 21 22 24 27 28 29 

2012020:
  杀号个数:15,错误个数:03
01 03 04 13 14 16 19 22 23 25 26 27 29 30 32 

2012021:
  杀号个数:16,错误个数:02
04 09 10 12 13 14 16 17 18 19 20 21 24 26 27 33 

2012022:
  杀号个数:17,错误个数:04
01 02 03 04 08 10 12 14 15 17 18 19 20 23 27 29 30 

2012023:
  杀号个数:14,错误个数:02
04 07 08 11 13 14 16 19 21 22 23 24 26 31 

2012024:
  杀号个数:17,错误个数:05
04 06 07 09 10 11 12 13 14 18 19 21 22 24 28 30 31 

2012025:
  杀号个数:18,错误个数:02
01 07 13 14 15 16 17 18 19 20 21 22 23 24 25 26 32 33 

2012026:
  杀号个数:16,错误个数:03
01 09 10 12 13 14 15 16 18 19 21 23 24 27 31 32 

2012027:
  杀号个数:15,错误个数:03
02 09 10 12 13 15 16 18 19 22 23 24 25 26 29 

2012028:
  杀号个数:15,错误个数:03
02 03 06 13 14 15 16 18 19 21 24 26 27 28 29 

2012029:
  杀号个数:15,错误个数:02
01 05 11 15 16 17 18 19 20 21 24 25 27 29 30 

2012030:
  杀号个数:17,错误个数:04
05 07 08 09 10 12 13 14 15 17 19 21 22 24 25 29 32 

2012031:
  杀号个数:15,错误个数:03
01 02 06 07 09 12 15 17 18 20 21 22 23 24 31 

2012032:
  杀号个数:17,错误个数:03
02 03 06 07 09 10 12 13 14 15 17 18 21 26 27 28 29 

2012033:
  杀号个数:19,错误个数:04
02 04 05 07 08 10 11 13 14 15 16 17 19 20 21 22 23 24 28 

2012034:
  杀号个数:16,错误个数:02
05 06 08 11 12 13 17 18 19 20 22 23 24 25 29 31 

2012035:
  杀号个数:18,错误个数:04
04 05 06 08 11 12 15 16 17 18 21 23 25 26 27 30 31 32 

2012036:
  杀号个数:14,错误个数:03
01 09 12 14 15 16 17 18 19 21 22 26 27 30 

2012037:
  杀号个数:16,错误个数:04
02 06 11 14 15 16 17 18 19 20 23 24 25 27 30 33 

2012038:
  杀号个数:16,错误个数:02
01 04 05 09 12 13 14 16 18 19 20 22 23 24 26 28 

2012039:
  杀号个数:16,错误个数:02
01 02 04 09 12 15 16 17 18 19 21 23 24 25 26 30 

2012040:
  杀号个数:18,错误个数:03
02 03 07 08 09 10 12 14 15 17 18 19 21 23 27 28 29 33 

2012041:
  杀号个数:16,错误个数:00
01 02 06 10 12 13 14 16 17 18 19 21 22 23 28 30 

2012042:
  杀号个数:16,错误个数:03
03 04 07 09 10 11 12 16 17 19 21 22 23 24 29 30 

2012043:
  杀号个数:16,错误个数:02
05 11 12 14 15 16 18 20 21 22 23 25 27 30 31 32 

2012044:
  杀号个数:18,错误个数:04
02 04 05 06 09 10 11 12 14 15 16 17 18 19 24 26 30 31 

2012045:
  杀号个数:17,错误个数:03
01 08 10 11 12 13 14 15 16 17 18 19 22 23 24 27 29 

2012046:
  杀号个数:14,错误个数:01
01 06 09 14 15 16 17 18 19 21 22 24 27 30 

2012047:
  杀号个数:19,错误个数:03
01 04 07 10 13 14 15 16 17 18 20 21 23 24 26 27 29 30 32 

2012048:
  杀号个数:13,错误个数:02
04 12 15 17 18 20 21 22 24 26 27 28 29 

2012049:
  杀号个数:17,错误个数:03
01 02 09 10 11 13 14 17 18 19 20 21 22 25 28 29 33 

2012050:
  杀号个数:17,错误个数:03
01 03 04 06 08 09 11 12 13 14 15 17 18 20 27 28 30 

2012051:
  杀号个数:17,错误个数:03
02 11 13 14 16 17 18 19 20 21 22 23 24 25 26 28 29 

2012052:
  杀号个数:17,错误个数:03
02 06 11 12 14 16 17 18 19 20 21 22 23 26 28 29 33 

2012053:
  杀号个数:15,错误个数:01
02 06 08 09 11 12 13 17 18 19 20 21 22 28 32 

2012054:
  杀号个数:16,错误个数:04
02 04 07 10 11 13 14 16 18 19 20 22 23 24 29 30 

2012055:
  杀号个数:15,错误个数:05
04 06 15 17 18 19 20 21 22 23 24 25 27 28 33 

2012056:
  杀号个数:16,错误个数:04
04 05 06 07 08 10 11 13 14 15 17 20 22 24 27 32 

2012057:
  杀号个数:16,错误个数:03
02 07 09 12 13 14 16 17 18 19 20 21 22 24 27 28 

2012058:
  杀号个数:17,错误个数:01
02 07 08 10 11 12 13 14 17 21 22 23 24 26 27 28 33 

2012059:
  杀号个数:15,错误个数:03
06 09 10 11 12 13 17 18 19 20 21 22 23 29 30 

2012060:
  杀号个数:14,错误个数:02
02 04 05 06 08 10 13 14 15 18 25 27 28 30 

2012061:
  杀号个数:17,错误个数:03
03 04 07 08 10 15 16 17 18 19 20 22 24 26 27 28 33 

2012062:
  杀号个数:17,错误个数:02
03 04 06 09 10 12 13 14 15 17 18 21 22 23 25 27 33 

2012063:
  杀号个数:17,错误个数:04
02 03 04 06 09 11 14 16 18 19 20 21 23 24 27 29 30 

2012064:
  杀号个数:16,错误个数:02
06 07 09 11 14 15 17 18 19 21 24 25 26 27 29 31 

2012065:
  杀号个数:14,错误个数:02
01 13 14 15 16 18 19 20 21 22 24 25 28 29 

2012066:
  杀号个数:15,错误个数:03
02 06 08 13 15 17 20 21 22 23 25 26 29 30 32 

2012067:
  杀号个数:16,错误个数:03
02 04 06 07 10 12 13 16 19 20 21 24 27 29 31 32 

2012068:
  杀号个数:17,错误个数:04
01 05 10 13 14 16 17 20 22 23 24 25 26 27 28 29 31 

2012069:
  杀号个数:16,错误个数:03
04 05 11 12 14 15 16 17 18 19 21 22 23 26 28 29 

2012070:
  杀号个数:15,错误个数:01
01 09 13 14 15 17 18 19 21 22 23 25 30 32 33 

2012071:
  杀号个数:15,错误个数:04
01 03 06 08 11 13 18 19 20 21 22 24 25 29 30 

2012072:
  杀号个数:15,错误个数:01
09 10 11 12 15 17 19 20 21 22 23 24 26 27 33 

2012073:
  杀号个数:17,错误个数:02
01 04 06 08 11 12 13 14 15 20 21 24 26 27 28 31 32 

2012074:
  杀号个数:16,错误个数:02
02 09 11 12 13 14 15 16 17 20 21 22 23 27 29 31 

2012075:
  杀号个数:15,错误个数:03
02 03 09 13 15 16 17 18 21 22 23 24 25 30 32 

2012076:
  杀号个数:17,错误个数:05
03 11 12 13 14 15 16 18 20 21 22 23 24 26 27 28 29 

2012077:
  杀号个数:17,错误个数:03
01 03 04 09 11 12 15 18 19 20 22 23 24 26 29 31 32 

2012078:
  杀号个数:16,错误个数:03
06 09 11 14 15 16 17 19 20 21 24 26 27 28 29 32 

2012079:
  杀号个数:13,错误个数:02
04 07 17 18 19 20 21 22 25 26 27 29 30 

2012080:
  杀号个数:15,错误个数:04
04 05 06 12 15 16 17 18 19 21 22 24 26 27 29 

2012081:
  杀号个数:17,错误个数:03
05 07 10 11 12 13 14 15 17 18 20 21 22 23 24 28 31 

2012082:
  杀号个数:18,错误个数:02
05 06 08 10 11 12 13 14 15 16 17 18 20 23 24 27 32 33 

2012083:
  杀号个数:17,错误个数:03
06 07 09 11 12 13 15 17 18 20 22 23 24 25 27 32 33 

2012084:
  杀号个数:14,错误个数:01
04 05 08 11 12 13 14 16 18 21 22 23 24 29 

2012085:
  杀号个数:16,错误个数:03
01 06 10 11 15 16 17 19 21 22 23 24 25 27 28 33 

2012086:
  杀号个数:16,错误个数:02
04 06 07 09 10 12 14 16 18 21 22 25 27 28 30 31 

2012087:
  杀号个数:12,错误个数:01
04 09 14 15 16 17 19 20 21 27 30 31 

2012088:
  杀号个数:17,错误个数:02
01 03 10 11 12 13 14 15 16 18 19 22 25 26 27 28 30 

2012089:
  杀号个数:16,错误个数:02
02 04 10 11 12 16 18 19 21 22 24 25 26 27 28 30 

2012090:
  杀号个数:15,错误个数:04
03 09 10 12 13 14 17 18 20 22 24 29 30 32 33 

2012091:
  杀号个数:17,错误个数:03
01 06 07 11 12 15 16 17 18 19 20 22 23 24 25 27 28 

2012092:
  杀号个数:17,错误个数:04
02 05 09 10 11 13 14 16 17 18 20 21 23 25 28 30 31 

2012093:
  杀号个数:20,错误个数:04
03 04 08 09 10 12 13 14 15 17 18 19 21 22 24 25 26 27 29 31 
下期杀号  杀号个数:15
01 04 06 10 12 14 15 16 17 20 22 23 26 28 30 
