2012001
 01 04 05 09 15 17   所属组：02 21 22 24 26                       交集：01 02 04 05 07 09 13 14 15 16 17 22 23 25 27 28 30 32                           个数：18

2012002:
 02 03 07 09 10 32   所属组：01 07 12 27                          交集：02 03 07 09 10 12 16 17 20 22 23 25 26 32 33                                    个数：15

2012003:
 03 06 08 24 29 31   所属组：05 09 14 15 16 17 18 19 29           交集：03 06 08 11 18 19 20 21 24 29 31 33                                             个数：12

2012004:
 01 05 10 11 21 23   所属组：01 03 11                             交集：01 05 09 10 11 12 14 15 21 22 23 24 26 28 30                                    个数：15

2012005:
 07 09 18 27 31 33   所属组：05 27                                交集：03 04 06 07 08 09 13 17 18 19 20 22 23 27 29 31 32 33                           个数：18

2012006:
 02 22 25 29 32 33   所属组：12 27                                交集：02 03 06 07 08 09 10 12 16 17 18 19 20 22 23 25 26 29 31 32 33                  个数：21

2012007:
 10 17 19 27 28 32   所属组：13 21 25                             交集：01 04 05 06 07 10 12 13 14 15 17 19 26 27 28 30 31 32                           个数：18

2012008:
 01 12 20 23 24 29   所属组：18 19                                交集：01 03 06 08 09 10 11 12 14 18 19 20 21 22 23 24 26 28 29 31 33                  个数：21

2012009:
 04 16 24 26 27 33   所属组：07 09 28                             交集：02 03 04 10 11 12 13 16 20 21 24 25 26 27 33                                    个数：15

2012010:
 01 03 13 19 25 26   所属组：09                                   交集：01 02 03 04 06 08 10 11 12 13 14 16 18 19 20 21 24 25 26 27 28 29 31 33         个数：24

2012011:
 04 14 15 16 20 26   所属组：06                                   交集：01 02 03 04 05 08 09 10 12 13 14 15 16 18 20 22 23 25 26 27 28 29 30 33         个数：24

2012012:
 15 17 18 20 23 27   所属组：04                                   交集：03 04 05 07 08 09 10 11 12 13 15 17 18 20 21 22 23 24 26 27 29 30 32 33         个数：24

2012013:
 06 08 24 29 30 32   所属组：10 16 17 25                          交集：06 07 08 11 15 17 18 19 21 24 29 30 31 32                                       个数：14

2012014:
 01 02 05 16 28 30   所属组：01 02 03 06 08 15 21 22 23 24 26     交集：01 02 05 14 15 16 25 28 30                                                      个数：09

2012015:
 01 03 06 10 21 23   所属组：11 18 19                             交集：01 03 06 09 10 11 12 14 19 20 21 22 23 24 26 28 31 33                           个数：18

2012016:
 02 05 12 17 22 25   所属组：01 02 10 12 21                       交集：02 05 07 09 10 12 15 16 17 22 23 25 26 30 32                                    个数：15

2012017:
 06 09 14 19 25 28   所属组：19 21 22 23 24 26                    交集：01 02 06 09 14 16 19 22 23 25 28 31                                             个数：12

2012018:
 03 05 06 22 26 32   所属组：12                                   交集：02 03 05 06 07 08 09 10 12 15 16 17 18 19 20 22 23 25 26 29 30 31 32 33         个数：24

2012019:
 07 14 18 20 22 30   所属组：16 17                                交集：01 03 06 07 08 09 11 14 15 17 18 19 20 21 22 23 24 28 29 30 31 32 33            个数：23

2012020:
 03 08 12 18 23 29   所属组：04 06 12 18 19 27                    交集：03 08 09 10 12 18 20 22 23 26 29 33                                             个数：12

2012021:
 01 15 16 18 22 30   所属组：02 03 06 22 23                       交集：01 02 04 05 08 09 13 14 15 16 18 22 23 25 27 28 29 30                           个数：18

2012022:
 04 08 12 24 26 27   所属组：03 04 09 20 25                       交集：04 08 10 11 12 13 18 21 24 26 27 29                                             个数：12

2012023:
 05 09 15 23 24 33   所属组：01 04 11 17 29                       交集：03 05 09 11 15 20 21 22 23 24 30 33                                             个数：12

2012024:
 04 12 19 21 25 28   所属组：09                                   交集：01 02 03 04 06 08 10 11 12 13 14 16 18 19 20 21 24 25 26 27 28 29 31 33         个数：24

2012025:
 03 08 09 17 25 27   所属组：27                                   交集：02 03 04 06 07 08 09 10 12 13 16 17 18 19 20 22 23 25 26 27 29 31 32 33         个数：24

2012026:
 03 07 09 15 24 25   所属组：01                                   交集：01 02 03 05 07 09 10 11 12 14 15 16 17 20 21 22 23 24 25 26 28 30 32 33         个数：24

2012027:
 04 16 22 25 30 31   所属组：21 22 23 24 26 29                    交集：02 04 05 06 09 13 15 16 19 22 23 25 27 30 31                                    个数：15

2012028:
 10 15 20 21 28 30   所属组：01 11 15                             交集：01 03 05 10 11 12 14 15 20 21 24 26 28 30 33                                    个数：15

2012029:
 04 07 15 25 26 28   所属组：02 21                                交集：01 02 04 05 07 09 10 12 13 14 15 16 17 22 23 25 26 27 28 30 32                  个数：21

2012030:
 09 10 17 18 21 31   所属组：10 18 20                             交集：06 07 08 09 10 11 12 17 18 19 21 22 23 24 26 29 31 32                           个数：18

2012031:
 04 16 22 24 27 31   所属组：20 24 29                             交集：02 04 06 09 11 13 16 19 21 22 23 24 25 27 31                                    个数：15

2012032:
 01 02 10 17 22 24   所属组：01 07                                交集：01 02 03 07 09 10 11 12 14 16 17 20 21 22 23 24 25 26 28 32 33                  个数：21

2012033:
 02 03 15 16 17 27   所属组：08 26 28                             交集：02 03 04 05 07 13 15 16 17 20 25 27 30 32 33                                    个数：15

2012034:
 02 03 08 23 32 33   所属组：12 16 27                             交集：02 03 06 07 08 09 17 18 19 20 22 23 29 31 32 33                                 个数：16

2012035:
 09 11 12 21 24 26   所属组：01 03 04 07 10 11 18 19 20           交集：09 10 11 12 21 22 23 24 26                                                      个数：09

2012036:
 02 11 13 18 19 26   所属组：09 20                                交集：02 04 06 08 10 11 12 13 16 18 19 21 24 25 26 27 29 31                           个数：18

2012037:
 05 14 19 24 28 33   所属组：11 15 17                             交集：01 03 05 06 11 14 15 19 20 21 24 28 30 31 33                                    个数：15

2012038:
 09 10 11 15 19 33   所属组：11                                   交集：01 03 04 05 06 09 10 11 12 13 14 15 19 20 21 22 23 24 26 27 28 30 31 33         个数：24

2012039:
 01 02 05 13 22 29   所属组：02 03 06 22 23                       交集：01 02 04 05 08 09 13 14 15 16 18 22 23 25 27 28 29 30                           个数：18

2012040:
 03 08 09 22 25 31   所属组：12 19 27 29                          交集：02 03 06 08 09 16 18 19 20 22 23 25 29 31 33                                    个数：15

2012041:
 08 11 15 20 24 32   所属组：04 08 16 17                          交集：03 07 08 11 15 17 18 20 21 24 29 30 32 33                                       个数：14

2012042:
 05 06 11 19 24 28   所属组：11 15 17 24 25                       交集：01 05 06 11 14 15 19 21 24 28 30 31                                             个数：12

2012043:
 02 09 11 21 26 33   所属组：01 07 19                             交集：01 02 03 09 10 11 12 14 16 20 21 22 23 24 25 26 28 33                           个数：18

2012044:
 06 09 10 14 22 25   所属组：19 21 23                             交集：01 02 06 09 10 12 14 16 19 22 23 25 26 28 31                                    个数：15

2012045:
 08 11 20 21 27 30   所属组：04 08 29                             交集：03 04 05 08 11 13 15 18 20 21 24 27 29 30 33                                    个数：15

2012046:
 04 12 19 20 23 33   所属组：11 27                                交集：03 04 06 09 10 12 13 19 20 22 23 26 27 31 33                                    个数：15

2012047:
 06 07 11 16 32 33   所属组：14 28                                交集：02 03 06 07 10 11 12 16 17 19 20 21 24 25 26 31 32 33                           个数：18

2012048:
 01 05 14 22 24 30   所属组：01 03 11 17 24                       交集：01 05 09 11 14 15 21 22 23 24 28 30                                             个数：12

2012049:
 04 12 13 19 20 32   所属组：13 27 28                             交集：03 04 06 07 10 12 13 17 19 20 26 27 31 32 33                                    个数：15

2012050:
 07 13 15 17 19 24   所属组：24 25 28                             交集：04 05 06 07 11 13 15 17 19 21 24 27 30 31 32                                    个数：15

2012051:
 02 12 14 17 30 31   所属组：21                                   交集：01 02 04 05 06 07 09 10 12 13 14 15 16 17 19 22 23 25 26 27 28 30 31 32         个数：24

2012052:
 02 03 05 06 20 24   所属组：15 28 29                             交集：02 03 05 06 11 15 16 19 20 21 24 25 30 31 33                                    个数：15

2012053:
 04 13 15 25 27 33   所属组：06 08 26 28 29                       交集：02 03 04 05 13 15 16 20 25 27 30 33                                             个数：12

2012054:
 06 14 18 20 30 33   所属组：13 15 16 17                          交集：01 03 06 08 14 15 18 19 20 28 29 30 31 33                                       个数：14

2012055:
 04 06 13 20 24 28   所属组：05 09 11                             交集：01 03 04 06 11 13 14 19 20 21 24 27 28 31 33                                    个数：15

2012056:
 04 07 14 17 26 31   所属组：13 21 25                             交集：01 04 05 06 07 10 12 13 14 15 17 19 26 27 28 30 31 32                           个数：18

2012057:
 03 05 19 21 27 31   所属组：11 28 29                             交集：03 04 05 06 11 13 15 19 20 21 24 27 30 31 33                                    个数：15

2012058:
 03 06 15 20 25 26   所属组：12 15 28                             交集：02 03 05 06 10 12 15 16 19 20 25 26 30 31 33                                    个数：15

2012059:
 04 13 21 22 26 31   所属组：11 20                                交集：04 06 09 10 11 12 13 19 21 22 23 24 26 27 31                                    个数：15

2012060:
 07 10 13 16 17 29   所属组：02 20 27                             交集：02 04 07 08 09 10 12 13 16 17 18 22 23 25 26 27 29 32                           个数：18

2012061:
 03 08 11 12 14 18   所属组：09 14 15 18 19                       交集：01 03 06 08 10 11 12 14 18 19 20 21 24 26 28 29 31 33                           个数：18

2012062:
 02 13 16 17 20 31   所属组：26 27 28                             交集：02 03 04 06 07 13 16 17 19 20 25 27 31 32 33                                    个数：15

2012063:
 02 10 17 19 24 27   所属组：20 28                                交集：02 04 06 07 10 11 12 13 16 17 19 21 24 25 26 27 31 32                           个数：18

2012064:
 05 10 11 16 23 24   所属组：01 03 10                             交集：02 05 09 10 11 12 15 16 21 22 23 24 25 26 30                                    个数：15

2012065:
 08 10 18 19 27 31   所属组：09 13 20 23 25 27                    交集：04 06 08 10 12 13 18 19 26 27 29 31                                             个数：12

2012066:
 01 02 09 26 29 33   所属组：06 19                                交集：01 02 03 08 09 10 12 14 16 18 20 22 23 25 26 28 29 33                           个数：18

2012067:
 04 05 10 21 26 30   所属组：03 04 11 25 28                       交集：04 05 10 11 12 13 15 21 24 26 27 30                                             个数：12

2012068:
 05 17 22 26 32 33   所属组：01 04 12                             交集：03 05 07 09 10 12 15 17 20 22 23 26 30 32 33                                    个数：15

2012069:
 08 10 11 18 20 29   所属组：04 09 14 15 18 19                    交集：03 08 10 11 12 18 20 21 24 26 29 33                                             个数：12

2012070:
 02 03 04 24 31 32   所属组：28                                   交集：02 03 04 05 06 07 10 11 12 13 15 16 17 19 20 21 24 25 26 27 30 31 32 33         个数：24

2012071:
 03 04 19 21 22 23   所属组：05 11 29                             交集：03 04 06 09 11 13 19 20 21 22 23 24 27 31 33                                    个数：15

2012072:
 02 03 07 09 13 30   所属组：26                                   交集：01 02 03 04 05 06 07 09 13 14 15 16 17 19 20 22 23 25 27 28 30 31 32 33         个数：24

2012073:
 04 07 09 10 17 27   所属组：02 04 07 20 21 27                    交集：04 07 09 10 12 13 17 22 23 26 27 32                                             个数：12

2012074:
 15 16 18 19 28 32   所属组：22                                   交集：01 02 04 05 06 07 08 09 13 14 15 16 17 18 19 22 23 25 27 28 29 30 31 32         个数：24

2012075:
 04 06 22 23 29 32   所属组：05 20 22 27                          交集：04 06 07 08 09 13 17 18 19 22 23 27 29 31 32                                    个数：15

2012076:
 11 18 22 27 29 30   所属组：03 04 29                             交集：04 05 08 09 11 13 15 18 21 22 23 24 27 29 30                                    个数：15

2012077:
 02 04 13 18 26 28   所属组：02 03 06 09 23                       交集：01 02 04 08 10 12 13 14 16 18 25 26 27 28 29                                    个数：15

2012078:
 08 15 22 24 28 33   所属组：16 17                                交集：01 03 06 07 08 09 11 14 15 17 18 19 20 21 22 23 24 28 29 30 31 32 33            个数：23

2012079:
 06 07 12 24 30 33   所属组：28                                   交集：02 03 04 05 06 07 10 11 12 13 15 16 17 19 20 21 24 25 26 27 30 31 32 33         个数：24

2012080:
 04 09 14 15 16 27   所属组：02 03 06 21 22 23 24 26              交集：01 02 04 05 09 13 14 15 16 22 23 25 27 28 30                                    个数：15

2012081:
 02 05 10 24 25 29   所属组：03 10 15                             交集：02 05 08 10 11 12 15 16 18 21 24 25 26 29 30                                    个数：15

2012082:
 02 04 11 18 22 29   所属组：03 20 29                             交集：02 04 08 09 11 13 16 18 21 22 23 24 25 27 29                                    个数：15

2012083:
 04 09 14 15 26 33   所属组：06 11                                交集：01 03 04 05 09 10 12 13 14 15 20 22 23 26 27 28 30 33                           个数：18

2012084:
 02 10 20 26 28 29   所属组：06 09 14 15 19                       交集：01 02 03 08 10 12 14 16 18 20 25 26 28 29 33                                    个数：15

2012085:
 05 17 24 30 31 33   所属组：17 28                                交集：03 05 06 07 11 15 17 19 20 21 24 30 31 32 33                                    个数：15

2012086:
 08 09 13 15 22 23   所属组：02 03 04 06 22 23 29                 交集：04 05 08 09 13 15 18 22 23 27 29 30                                             个数：12

2012087:
 03 10 11 13 14 22   所属组：07 11                                交集：01 03 04 09 10 11 12 13 14 20 21 22 23 24 26 27 28 33                           个数：18

2012088:
 03 05 23 24 27 31   所属组：11 29                                交集：03 04 05 06 09 11 13 15 19 20 21 22 23 24 27 30 31 33                           个数：18

2012089:
 03 07 10 13 14 25   所属组：07                                   交集：01 02 03 04 07 09 10 11 12 13 14 16 17 20 21 22 23 24 25 26 27 28 32 33         个数：24

2012090:
 02 13 20 25 29 30   所属组：06 08 29                             交集：02 03 04 05 08 13 15 16 18 20 25 27 29 30 33                                    个数：15

2012091:
 01 05 07 08 19 21   所属组：17 25                                交集：01 05 06 07 08 11 14 15 17 18 19 21 24 28 29 30 31 32                           个数：18

2012092:
 06 13 17 18 28 32   所属组：05 13 22 25                          交集：01 04 06 07 08 13 14 17 18 19 27 28 29 31 32                                    个数：15

2012093:
 03 05 19 21 24 33   所属组：11 15 17 28 29                       交集：03 05 06 11 15 19 20 21 24 30 31 33                                             个数：12

2012094:
 06 09 14 16 23 33   所属组：19 26                                交集：01 02 03 06 09 14 16 19 20 22 23 25 28 31 33                                    个数：15

2012095:
 17 24 27 28 29 30   所属组：08 25                                交集：01 04 05 07 08 11 13 14 15 17 18 21 24 27 28 29 30 32                           个数：18

2012096:
 04 07 11 16 29 33   所属组：08                                   交集：01 02 03 04 05 07 08 11 13 14 15 16 17 18 20 21 24 25 27 28 29 30 32 33         个数：24

2012097:
 05 08 13 14 19 22   所属组：22 23                                交集：01 02 04 05 06 08 09 13 14 15 16 18 19 22 23 25 27 28 29 30 31                  个数：21

2012098:
 02 12 19 26 29 31   所属组：09 10 12 14 15 19 20 23 27           交集：02 06 08 10 12 16 18 19 25 26 29 31                                             个数：12

2012099:
 08 12 15 16 21 27   所属组：03                                   交集：01 02 04 05 08 09 10 11 12 13 14 15 16 18 21 22 23 24 25 26 27 28 29 30         个数：24

2012100:
 05 07 15 18 25 33   所属组：08 12                                交集：02 03 05 07 08 15 16 17 18 20 25 29 30 32 33                                    个数：15

2012101:
 09 12 17 18 20 33   所属组：04 12 18 27                          交集：03 07 08 09 10 12 17 18 20 22 23 26 29 32 33                                    个数：15

2012102:
 13 25 27 28 29 30   所属组：02 03 06 08 22 23                    交集：01 02 04 05 08 13 14 15 16 18 25 27 28 29 30                                    个数：15

2012103:
 04 09 11 14 32 33   所属组：05 07                                交集：01 03 04 07 09 11 13 14 17 20 21 22 23 24 27 28 32 33                           个数：18
