01 02 03 04 05 06 07 08 09 10 11 15 17 18 21 23 24 27 29 31 32 33     个数22
12 13 14 16 19 20 22 25 26 28 30     个数11

2012006:
 02 22 25 29 32 33      五期以内出球个数：04    五期以外出球个数：02



01 02 03 05 06 07 08 09 10 11 18 21 22 23 24 25 27 29 31 32 33     个数21
04 12 13 14 15 16 17 19 20 26 28 30     个数12

2012007:
 10 17 19 27 28 32      五期以内出球个数：03    五期以外出球个数：03

01 02 03 05 06 07 08 09 10 11 17 18 19 21 22 23 24 25 27 28 29 31 32 33     个数24
04 12 13 14 15 16 20 26 30     个数09

2012008:
 01 12 20 23 24 29      五期以内出球个数：04    五期以外出球个数：02

01 02 05 07 09 10 11 12 17 18 19 20 21 22 23 24 25 27 28 29 31 32 33     个数23
03 04 06 08 13 14 15 16 26 30     个数10

2012009:
 04 16 24 26 27 33      五期以内出球个数：03    五期以外出球个数：03

01 02 04 07 09 10 12 16 17 18 19 20 22 23 24 25 26 27 28 29 31 32 33     个数23
03 05 06 08 11 13 14 15 21 30     个数10

2012010:
 01 03 13 19 25 26      五期以内出球个数：04    五期以外出球个数：02



01 02 03 04 10 12 13 16 17 19 20 22 23 24 25 26 27 28 29 32 33     个数21
05 06 07 08 09 11 14 15 18 21 30 31     个数12

2012011:
 04 14 15 16 20 26      五期以内出球个数：04    五期以外出球个数：02

01 03 04 10 12 13 14 15 16 17 19 20 23 24 25 26 27 28 29 32 33     个数21
02 05 06 07 08 09 11 18 21 22 30 31     个数12

2012012:
 15 17 18 20 23 27      五期以内出球个数：05    五期以外出球个数：01

01 03 04 12 13 14 15 16 17 18 19 20 23 24 25 26 27 29 33     个数19
02 05 06 07 08 09 10 11 21 22 28 30 31 32     个数14

2012013:
 06 08 24 29 30 32      五期以内出球个数：02    五期以外出球个数：04

01 03 04 06 08 13 14 15 16 17 18 19 20 23 24 25 26 27 29 30 32 33     个数22
02 05 07 09 10 11 12 21 22 28 31     个数11

2012014:
 01 02 05 16 28 30      五期以内出球个数：03    五期以外出球个数：03



01 02 03 04 05 06 08 13 14 15 16 17 18 19 20 23 24 25 26 27 28 29 30 32     个数24
07 09 10 11 12 21 22 31 33     个数09

2012015:
 01 03 06 10 21 23      五期以内出球个数：04    五期以外出球个数：02

01 02 03 04 05 06 08 10 14 15 16 17 18 20 21 23 24 26 27 28 29 30 32     个数23
07 09 11 12 13 19 22 25 31 33     个数10

2012016:
 02 05 12 17 22 25      五期以内出球个数：03    五期以外出球个数：03

01 02 03 05 06 08 10 12 15 16 17 18 20 21 22 23 24 25 27 28 29 30 32     个数23
04 07 09 11 13 14 19 26 31 33     个数10

2012017:
 06 09 14 19 25 28      五期以内出球个数：03    五期以外出球个数：03

01 02 03 05 06 08 09 10 12 14 16 17 19 21 22 23 24 25 28 29 30 32     个数22
04 07 11 13 15 18 20 26 27 31 33     个数11

2012018:
 03 05 06 22 26 32      五期以内出球个数：05    五期以外出球个数：01



01 02 03 05 06 09 10 12 14 16 17 19 21 22 23 25 26 28 30 32     个数20
04 07 08 11 13 15 18 20 24 27 29 31 33     个数13

2012019:
 07 14 18 20 22 30      五期以内出球个数：03    五期以外出球个数：03

01 02 03 05 06 07 09 10 12 14 17 18 19 20 21 22 23 25 26 28 30 32     个数22
04 08 11 13 15 16 24 27 29 31 33     个数11

2012020:
 03 08 12 18 23 29      五期以内出球个数：04    五期以外出球个数：02

02 03 05 06 07 08 09 12 14 17 18 19 20 22 23 25 26 28 29 30 32     个数21
01 04 10 11 13 15 16 21 24 27 31 33     个数12

2012021:
 01 15 16 18 22 30      五期以内出球个数：03    五期以外出球个数：03

01 03 05 06 07 08 09 12 14 15 16 18 19 20 22 23 25 26 28 29 30 32     个数22
02 04 10 11 13 17 21 24 27 31 33     个数11

2012022:
 04 08 12 24 26 27      五期以内出球个数：03    五期以外出球个数：03



01 03 04 05 06 07 08 12 14 15 16 18 20 22 23 24 26 27 29 30 32     个数21
02 09 10 11 13 17 19 21 25 28 31 33     个数12

2012023:
 05 09 15 23 24 33      五期以内出球个数：04    五期以外出球个数：02

01 03 04 05 07 08 09 12 14 15 16 18 20 22 23 24 26 27 29 30 33     个数21
02 06 10 11 13 17 19 21 25 28 31 32     个数12

2012024:
 04 12 19 21 25 28      五期以内出球个数：02    五期以外出球个数：04

01 03 04 05 08 09 12 15 16 18 19 21 22 23 24 25 26 27 28 29 30 33     个数22
02 06 07 10 11 13 14 17 20 31 32     个数11

2012025:
 03 08 09 17 25 27      五期以内出球个数：05    五期以外出球个数：01

01 03 04 05 08 09 12 15 16 17 18 19 21 22 23 24 25 26 27 28 30 33     个数22
02 06 07 10 11 13 14 20 29 31 32     个数11

2012026:
 03 07 09 15 24 25      五期以内出球个数：05    五期以外出球个数：01



03 04 05 07 08 09 12 15 17 19 21 23 24 25 26 27 28 33     个数18
01 02 06 10 11 13 14 16 18 20 22 29 30 31 32     个数15

2012027:
 04 16 22 25 30 31      五期以内出球个数：02    五期以外出球个数：04

03 04 05 07 08 09 12 15 16 17 19 21 22 23 24 25 27 28 30 31 33     个数21
01 02 06 10 11 13 14 18 20 26 29 32     个数12

2012028:
 10 15 20 21 28 30      五期以内出球个数：04    五期以外出球个数：02

03 04 07 08 09 10 12 15 16 17 19 20 21 22 24 25 27 28 30 31     个数20
01 02 05 06 11 13 14 18 23 26 29 32 33     个数13

2012029:
 04 07 15 25 26 28      五期以内出球个数：05    五期以外出球个数：01

03 04 07 08 09 10 15 16 17 20 21 22 24 25 26 27 28 30 31     个数19
01 02 05 06 11 12 13 14 18 19 23 29 32 33     个数14

2012030:
 09 10 17 18 21 31      五期以内出球个数：05    五期以外出球个数：01



03 04 07 09 10 15 16 17 18 20 21 22 24 25 26 28 30 31     个数18
01 02 05 06 08 11 12 13 14 19 23 27 29 32 33     个数15

2012031:
 04 16 22 24 27 31      五期以内出球个数：05    五期以外出球个数：01

04 07 09 10 15 16 17 18 20 21 22 24 25 26 27 28 30 31     个数18
01 02 03 05 06 08 11 12 13 14 19 23 29 32 33     个数15

2012032:
 01 02 10 17 22 24      五期以内出球个数：04    五期以外出球个数：02

01 02 04 07 09 10 15 16 17 18 20 21 22 24 25 26 27 28 30 31     个数20
03 05 06 08 11 12 13 14 19 23 29 32 33     个数13

2012033:
 02 03 15 16 17 27      五期以内出球个数：05    五期以外出球个数：01

01 02 03 04 07 09 10 15 16 17 18 21 22 24 25 26 27 28 31     个数19
05 06 08 11 12 13 14 19 20 23 29 30 32 33     个数14

2012034:
 02 03 08 23 32 33      五期以内出球个数：02    五期以外出球个数：04



01 02 03 04 08 09 10 15 16 17 18 21 22 23 24 27 31 32 33     个数19
05 06 07 11 12 13 14 19 20 25 26 28 29 30     个数14

2012035:
 09 11 12 21 24 26      五期以内出球个数：03    五期以外出球个数：03

01 02 03 04 08 09 10 11 12 15 16 17 21 22 23 24 26 27 31 32 33     个数21
05 06 07 13 14 18 19 20 25 28 29 30     个数12

2012036:
 02 11 13 18 19 26      五期以内出球个数：03    五期以外出球个数：03

01 02 03 08 09 10 11 12 13 15 16 17 18 19 21 22 23 24 26 27 32 33     个数22
04 05 06 07 14 20 25 28 29 30 31     个数11

2012037:
 05 14 19 24 28 33      五期以内出球个数：03    五期以外出球个数：03

02 03 05 08 09 11 12 13 14 15 16 17 18 19 21 23 24 26 27 28 32 33     个数22
01 04 06 07 10 20 22 25 29 30 31     个数11

2012038:
 09 10 11 15 19 33      五期以内出球个数：05    五期以外出球个数：01



02 03 05 08 09 10 11 12 13 14 15 18 19 21 23 24 26 28 32 33     个数20
01 04 06 07 16 17 20 22 25 27 29 30 31     个数13

2012039:
 01 02 05 13 22 29      五期以内出球个数：03    五期以外出球个数：03

01 02 05 09 10 11 12 13 14 15 18 19 21 22 24 26 28 29 33     个数19
03 04 06 07 08 16 17 20 23 25 27 30 31 32     个数14

2012040:
 03 08 09 22 25 31      五期以内出球个数：02    五期以外出球个数：04

01 02 03 05 08 09 10 11 13 14 15 18 19 22 24 25 26 28 29 31 33     个数21
04 06 07 12 16 17 20 21 23 27 30 32     个数12

2012041:
 08 11 15 20 24 32      五期以内出球个数：04    五期以外出球个数：02

01 02 03 05 08 09 10 11 13 14 15 19 20 22 24 25 28 29 31 32 33     个数21
04 06 07 12 16 17 18 21 23 26 27 30     个数12

2012042:
 05 06 11 19 24 28      五期以内出球个数：05    五期以外出球个数：01



01 02 03 05 06 08 09 10 11 13 15 19 20 22 24 25 28 29 31 32 33     个数21
04 07 12 14 16 17 18 21 23 26 27 30     个数12

2012043:
 02 09 11 21 26 33      五期以内出球个数：04    五期以外出球个数：02

01 02 03 05 06 08 09 11 13 15 19 20 21 22 24 25 26 28 29 31 32 33     个数22
04 07 10 12 14 16 17 18 23 27 30     个数11

2012044:
 06 09 10 14 22 25      五期以内出球个数：04    五期以外出球个数：02

02 03 05 06 08 09 10 11 14 15 19 20 21 22 24 25 26 28 31 32 33     个数21
01 04 07 12 13 16 17 18 23 27 29 30     个数12

2012045:
 08 11 20 21 27 30      五期以内出球个数：04    五期以外出球个数：02

02 05 06 08 09 10 11 14 15 19 20 21 22 24 25 26 27 28 30 32 33     个数21
01 03 04 07 12 13 16 17 18 23 29 31     个数12

2012046:
 04 12 19 20 23 33      五期以内出球个数：03    五期以外出球个数：03



02 04 05 06 08 09 10 11 12 14 19 20 21 22 23 24 25 26 27 28 30 33     个数22
01 03 07 13 15 16 17 18 29 31 32     个数11

2012047:
 06 07 11 16 32 33      五期以内出球个数：03    五期以外出球个数：03

02 04 06 07 08 09 10 11 12 14 16 19 20 21 22 23 25 26 27 30 32 33     个数22
01 03 05 13 15 17 18 24 28 29 31     个数11

2012048:
 01 05 14 22 24 30      五期以内出球个数：03    五期以外出球个数：03

01 04 05 06 07 08 09 10 11 12 14 16 19 20 21 22 23 24 25 27 30 32 33     个数23
02 03 13 15 17 18 26 28 29 31     个数10

2012049:
 04 12 13 19 20 32      五期以内出球个数：05    五期以外出球个数：01

01 04 05 06 07 08 11 12 13 14 16 19 20 21 22 23 24 27 30 32 33     个数21
02 03 09 10 15 17 18 25 26 28 29 31     个数12

2012050:
 07 13 15 17 19 24      五期以内出球个数：04    五期以外出球个数：02



01 04 05 06 07 11 12 13 14 15 16 17 19 20 22 23 24 30 32 33     个数20
02 03 08 09 10 18 21 25 26 27 28 29 31     个数13

2012051:
 02 12 14 17 30 31      五期以内出球个数：04    五期以外出球个数：02

01 02 04 05 06 07 11 12 13 14 15 16 17 19 20 22 24 30 31 32 33     个数21
03 08 09 10 18 21 23 25 26 27 28 29     个数12

2012052:
 02 03 05 06 20 24      五期以内出球个数：05    五期以外出球个数：01

01 02 03 04 05 06 07 12 13 14 15 17 19 20 22 24 30 31 32     个数19
08 09 10 11 16 18 21 23 25 26 27 28 29 33     个数14

2012053:
 04 13 15 25 27 33      五期以内出球个数：03    五期以外出球个数：03

02 03 04 05 06 07 12 13 14 15 17 19 20 24 25 27 30 31 32 33     个数20
01 08 09 10 11 16 18 21 22 23 26 28 29     个数13

2012054:
 06 14 18 20 30 33      五期以内出球个数：05    五期以外出球个数：01



02 03 04 05 06 07 12 13 14 15 17 18 19 20 24 25 27 30 31 33     个数20
01 08 09 10 11 16 21 22 23 26 28 29 32     个数13

2012055:
 04 06 13 20 24 28      五期以内出球个数：05    五期以外出球个数：01

02 03 04 05 06 12 13 14 15 17 18 20 24 25 27 28 30 31 33     个数19
01 07 08 09 10 11 16 19 21 22 23 26 29 32     个数14

2012056:
 04 07 14 17 26 31      五期以内出球个数：04    五期以外出球个数：02

02 03 04 05 06 07 13 14 15 17 18 20 24 25 26 27 28 30 31 33     个数20
01 08 09 10 11 12 16 19 21 22 23 29 32     个数13

2012057:
 03 05 19 21 27 31      五期以内出球个数：04    五期以外出球个数：02

03 04 05 06 07 13 14 15 17 18 19 20 21 24 25 26 27 28 30 31 33     个数21
01 02 08 09 10 11 12 16 22 23 29 32     个数12

2012058:
 03 06 15 20 25 26      五期以内出球个数：06    五期以外出球个数：00



03 04 05 06 07 13 14 15 17 18 19 20 21 24 25 26 27 28 30 31 33     个数21
01 02 08 09 10 11 12 16 22 23 29 32     个数12

2012059:
 04 13 21 22 26 31      五期以内出球个数：05    五期以外出球个数：01

03 04 05 06 07 13 14 15 17 19 20 21 22 24 25 26 27 28 31     个数19
01 02 08 09 10 11 12 16 18 23 29 30 32 33     个数14

2012060:
 07 10 13 16 17 29      五期以内出球个数：03    五期以外出球个数：03

03 04 05 06 07 10 13 14 15 16 17 19 20 21 22 25 26 27 29 31     个数20
01 02 08 09 11 12 18 23 24 28 30 32 33     个数13

2012061:
 03 08 11 12 14 18      五期以内出球个数：02    五期以外出球个数：04

03 04 05 06 07 08 10 11 12 13 14 15 16 17 18 19 20 21 22 25 26 27 29 31     个数24
01 02 09 23 24 28 30 32 33     个数09

2012062:
 02 13 16 17 20 31      五期以内出球个数：05    五期以外出球个数：01



02 03 04 06 07 08 10 11 12 13 14 15 16 17 18 20 21 22 25 26 29 31     个数22
01 05 09 19 23 24 27 28 30 32 33     个数11

2012063:
 02 10 17 19 24 27      五期以内出球个数：03    五期以外出球个数：03

02 03 04 07 08 10 11 12 13 14 16 17 18 19 20 21 22 24 26 27 29 31     个数22
01 05 06 09 15 23 25 28 30 32 33     个数11

2012064:
 05 10 11 16 23 24      五期以内出球个数：04    五期以外出球个数：02

02 03 05 07 08 10 11 12 13 14 16 17 18 19 20 23 24 27 29 31     个数20
01 04 06 09 15 21 22 25 26 28 30 32 33     个数13

2012065:
 08 10 18 19 27 31      五期以内出球个数：06    五期以外出球个数：00

02 03 05 08 10 11 12 13 14 16 17 18 19 20 23 24 27 31     个数18
01 04 06 07 09 15 21 22 25 26 28 29 30 32 33     个数15

2012066:
 01 02 09 26 29 33      五期以内出球个数：01    五期以外出球个数：05



01 02 05 08 09 10 11 13 16 17 18 19 20 23 24 26 27 29 31 33     个数20
03 04 06 07 12 14 15 21 22 25 28 30 32     个数13

2012067:
 04 05 10 21 26 30      五期以内出球个数：03    五期以外出球个数：03

01 02 04 05 08 09 10 11 16 17 18 19 21 23 24 26 27 29 30 31 33     个数21
03 06 07 12 13 14 15 20 22 25 28 32     个数12

2012068:
 05 17 22 26 32 33      五期以内出球个数：04    五期以外出球个数：02

01 02 04 05 08 09 10 11 16 17 18 19 21 22 23 24 26 27 29 30 31 32 33     个数23
03 06 07 12 13 14 15 20 25 28     个数10

2012069:
 08 10 11 18 20 29      五期以内出球个数：05    五期以外出球个数：01

01 02 04 05 08 09 10 11 17 18 19 20 21 22 26 27 29 30 31 32 33     个数21
03 06 07 12 13 14 15 16 23 24 25 28     个数12

2012070:
 02 03 04 24 31 32      五期以内出球个数：04    五期以外出球个数：02



01 02 03 04 05 08 09 10 11 17 18 20 21 22 24 26 29 30 31 32 33     个数21
06 07 12 13 14 15 16 19 23 25 27 28     个数12

2012071:
 03 04 19 21 22 23      五期以内出球个数：04    五期以外出球个数：02

02 03 04 05 08 10 11 17 18 19 20 21 22 23 24 26 29 30 31 32 33     个数21
01 06 07 09 12 13 14 15 16 25 27 28     个数12

2012072:
 02 03 07 09 13 30      五期以内出球个数：03    五期以外出球个数：03

02 03 04 05 07 08 09 10 11 13 17 18 19 20 21 22 23 24 26 29 30 31 32 33     个数24
01 06 12 14 15 16 25 27 28     个数09

2012073:
 04 07 09 10 17 27      五期以内出球个数：05    五期以外出球个数：01

02 03 04 07 08 09 10 11 13 17 18 19 20 21 22 23 24 27 29 30 31 32     个数22
01 05 06 12 14 15 16 25 26 28 33     个数11

2012074:
 15 16 18 19 28 32      五期以内出球个数：03    五期以外出球个数：03



02 03 04 07 09 10 13 15 16 17 18 19 21 22 23 24 27 28 30 31 32     个数21
01 05 06 08 11 12 14 20 25 26 29 33     个数12

2012075:
 04 06 22 23 29 32      五期以内出球个数：04    五期以外出球个数：02

02 03 04 06 07 09 10 13 15 16 17 18 19 21 22 23 27 28 29 30 32     个数21
01 05 08 11 12 14 20 24 25 26 31 33     个数12

2012076:
 11 18 22 27 29 30      五期以内出球个数：05    五期以外出球个数：01

02 03 04 06 07 09 10 11 13 15 16 17 18 19 22 23 27 28 29 30 32     个数21
01 05 08 12 14 20 21 24 25 26 31 33     个数12

2012077:
 02 04 13 18 26 28      五期以内出球个数：05    五期以外出球个数：01

02 04 06 07 09 10 11 13 15 16 17 18 19 22 23 26 27 28 29 30 32     个数21
01 03 05 08 12 14 20 21 24 25 31 33     个数12

2012078:
 08 15 22 24 28 33      五期以内出球个数：03    五期以外出球个数：03



02 04 06 08 11 13 15 16 18 19 22 23 24 26 27 28 29 30 32 33     个数20
01 03 05 07 09 10 12 14 17 20 21 25 31     个数13

2012079:
 06 07 12 24 30 33      五期以内出球个数：04    五期以外出球个数：02

02 04 06 07 08 11 12 13 15 18 22 23 24 26 27 28 29 30 32 33     个数20
01 03 05 09 10 14 16 17 19 20 21 25 31     个数13

2012080:
 04 09 14 15 16 27      五期以内出球个数：03    五期以外出球个数：03

02 04 06 07 08 09 11 12 13 14 15 16 18 22 24 26 27 28 29 30 33     个数21
01 03 05 10 17 19 20 21 23 25 31 32     个数12

2012081:
 02 05 10 24 25 29      五期以内出球个数：03    五期以外出球个数：03

02 04 05 06 07 08 09 10 12 13 14 15 16 18 22 24 25 26 27 28 29 30 33     个数23
01 03 11 17 19 20 21 23 31 32     个数10

2012082:
 02 04 11 18 22 29      五期以内出球个数：05    五期以外出球个数：01



02 04 05 06 07 08 09 10 11 12 14 15 16 18 22 24 25 27 28 29 30 33     个数22
01 03 13 17 19 20 21 23 26 31 32     个数11

2012083:
 04 09 14 15 26 33      五期以内出球个数：05    五期以外出球个数：01

02 04 05 06 07 09 10 11 12 14 15 16 18 22 24 25 26 27 29 30 33     个数21
01 03 08 13 17 19 20 21 23 28 31 32     个数12

2012084:
 02 10 20 26 28 29      五期以内出球个数：04    五期以外出球个数：02

02 04 05 09 10 11 14 15 16 18 20 22 24 25 26 27 28 29 33     个数19
01 03 06 07 08 12 13 17 19 21 23 30 31 32     个数14

2012085:
 05 17 24 30 31 33      五期以内出球个数：03    五期以外出球个数：03

02 04 05 09 10 11 14 15 17 18 20 22 24 25 26 28 29 30 31 33     个数20
01 03 06 07 08 12 13 16 19 21 23 27 32     个数13

2012086:
 08 09 13 15 22 23      五期以内出球个数：03    五期以外出球个数：03



02 04 05 08 09 10 11 13 14 15 17 18 20 22 23 24 26 28 29 30 31 33     个数22
01 03 06 07 12 16 19 21 25 27 32     个数11

2012087:
 03 10 11 13 14 22      五期以内出球个数：05    五期以外出球个数：01

02 03 04 05 08 09 10 11 13 14 15 17 20 22 23 24 26 28 29 30 31 33     个数22
01 06 07 12 16 18 19 21 25 27 32     个数11

2012088:
 03 05 23 24 27 31      五期以内出球个数：05    五期以外出球个数：01

02 03 05 08 09 10 11 13 14 15 17 20 22 23 24 26 27 28 29 30 31 33     个数22
01 04 06 07 12 16 18 19 21 25 32     个数11

2012089:
 03 07 10 13 14 25      五期以内出球个数：04    五期以外出球个数：02

03 05 07 08 09 10 11 13 14 15 17 22 23 24 25 27 30 31 33     个数19
01 02 04 06 12 16 18 19 20 21 26 28 29 32     个数14

2012090:
 02 13 20 25 29 30      五期以内出球个数：03    五期以外出球个数：03



02 03 05 07 08 09 10 11 13 14 15 20 22 23 24 25 27 29 30 31     个数20
01 04 06 12 16 17 18 19 21 26 28 32 33     个数13

2012091:
 01 05 07 08 19 21      五期以内出球个数：03    五期以外出球个数：03

01 02 03 05 07 08 10 11 13 14 19 20 21 22 23 24 25 27 29 30 31     个数21
04 06 09 12 15 16 17 18 26 28 32 33     个数12

2012092:
 06 13 17 18 28 32      五期以内出球个数：01    五期以外出球个数：05

01 02 03 05 06 07 08 10 13 14 17 18 19 20 21 23 24 25 27 28 29 30 31 32     个数24
04 09 11 12 15 16 22 26 33     个数09

2012093:
 03 05 19 21 24 33      五期以内出球个数：05    五期以外出球个数：01

01 02 03 05 06 07 08 10 13 14 17 18 19 20 21 24 25 28 29 30 32 33     个数22
04 09 11 12 15 16 22 23 26 27 31     个数11

2012094:
 06 09 14 16 23 33      五期以内出球个数：03    五期以外出球个数：03



01 02 03 05 06 07 08 09 13 14 16 17 18 19 20 21 23 24 25 28 29 30 32 33     个数24
04 10 11 12 15 22 26 27 31     个数09

2012095:
 17 24 27 28 29 30      五期以内出球个数：05    五期以外出球个数：01

01 03 05 06 07 08 09 13 14 16 17 18 19 21 23 24 27 28 29 30 32 33     个数22
02 04 10 11 12 15 20 22 25 26 31     个数11

2012096:
 04 07 11 16 29 33      五期以内出球个数：04    五期以外出球个数：02

03 04 05 06 07 09 11 13 14 16 17 18 19 21 23 24 27 28 29 30 32 33     个数22
01 02 08 10 12 15 20 22 25 26 31     个数11

2012097:
 05 08 13 14 19 22      五期以内出球个数：04    五期以外出球个数：02

03 04 05 06 07 08 09 11 13 14 16 17 19 21 22 23 24 27 28 29 30 33     个数22
01 02 10 12 15 18 20 25 26 31 32     个数11

2012098:
 02 12 19 26 29 31      五期以内出球个数：02    五期以外出球个数：04



02 04 05 06 07 08 09 11 12 13 14 16 17 19 22 23 24 26 27 28 29 30 31 33     个数24
01 03 10 15 18 20 21 25 32     个数09

2012099:
 08 12 15 16 21 27      五期以内出球个数：04    五期以外出球个数：02

02 04 05 07 08 11 12 13 14 15 16 17 19 21 22 24 26 27 28 29 30 31 33     个数23
01 03 06 09 10 18 20 23 25 32     个数10

2012100:
 05 07 15 18 25 33      五期以内出球个数：04    五期以外出球个数：02

02 04 05 07 08 11 12 13 14 15 16 18 19 21 22 25 26 27 29 31 33     个数21
01 03 06 09 10 17 20 23 24 28 30 32     个数12

2012101:
 09 12 17 18 20 33      五期以内出球个数：03    五期以外出球个数：03

02 05 07 08 09 12 13 14 15 16 17 18 19 20 21 22 25 26 27 29 31 33     个数22
01 03 04 06 10 11 23 24 28 30 32     个数11







2012006:
 02 22 25 29 32 33      五期以内出球个数：04    五期以外出球个数：02

2012007:
 10 17 19 27 28 32      五期以内出球个数：03    五期以外出球个数：03

2012008:
 01 12 20 23 24 29      五期以内出球个数：04    五期以外出球个数：02

2012009:
 04 16 24 26 27 33      五期以内出球个数：03    五期以外出球个数：03

2012010:
 01 03 13 19 25 26      五期以内出球个数：04    五期以外出球个数：02

2012011:
 04 14 15 16 20 26      五期以内出球个数：04    五期以外出球个数：02

2012012:
 15 17 18 20 23 27      五期以内出球个数：05    五期以外出球个数：01

2012013:
 06 08 24 29 30 32      五期以内出球个数：02    五期以外出球个数：04

2012014:
 01 02 05 16 28 30      五期以内出球个数：03    五期以外出球个数：03

2012015:
 01 03 06 10 21 23      五期以内出球个数：04    五期以外出球个数：02

2012016:
 02 05 12 17 22 25      五期以内出球个数：03    五期以外出球个数：03

2012017:
 06 09 14 19 25 28      五期以内出球个数：03    五期以外出球个数：03

2012018:
 03 05 06 22 26 32      五期以内出球个数：05    五期以外出球个数：01

2012019:
 07 14 18 20 22 30      五期以内出球个数：03    五期以外出球个数：03

2012020:
 03 08 12 18 23 29      五期以内出球个数：04    五期以外出球个数：02

2012021:
 01 15 16 18 22 30      五期以内出球个数：03    五期以外出球个数：03

2012022:
 04 08 12 24 26 27      五期以内出球个数：03    五期以外出球个数：03

2012023:
 05 09 15 23 24 33      五期以内出球个数：04    五期以外出球个数：02

2012024:
 04 12 19 21 25 28      五期以内出球个数：02    五期以外出球个数：04

2012025:
 03 08 09 17 25 27      五期以内出球个数：05    五期以外出球个数：01

2012026:
 03 07 09 15 24 25      五期以内出球个数：05    五期以外出球个数：01

2012027:
 04 16 22 25 30 31      五期以内出球个数：02    五期以外出球个数：04

2012028:
 10 15 20 21 28 30      五期以内出球个数：04    五期以外出球个数：02

2012029:
 04 07 15 25 26 28      五期以内出球个数：05    五期以外出球个数：01

2012030:
 09 10 17 18 21 31      五期以内出球个数：05    五期以外出球个数：01

2012031:
 04 16 22 24 27 31      五期以内出球个数：05    五期以外出球个数：01

2012032:
 01 02 10 17 22 24      五期以内出球个数：04    五期以外出球个数：02

2012033:
 02 03 15 16 17 27      五期以内出球个数：05    五期以外出球个数：01

2012034:
 02 03 08 23 32 33      五期以内出球个数：02    五期以外出球个数：04

2012035:
 09 11 12 21 24 26      五期以内出球个数：03    五期以外出球个数：03

2012036:
 02 11 13 18 19 26      五期以内出球个数：03    五期以外出球个数：03

2012037:
 05 14 19 24 28 33      五期以内出球个数：03    五期以外出球个数：03

2012038:
 09 10 11 15 19 33      五期以内出球个数：05    五期以外出球个数：01

2012039:
 01 02 05 13 22 29      五期以内出球个数：03    五期以外出球个数：03

2012040:
 03 08 09 22 25 31      五期以内出球个数：02    五期以外出球个数：04

2012041:
 08 11 15 20 24 32      五期以内出球个数：04    五期以外出球个数：02

2012042:
 05 06 11 19 24 28      五期以内出球个数：05    五期以外出球个数：01

2012043:
 02 09 11 21 26 33      五期以内出球个数：04    五期以外出球个数：02

2012044:
 06 09 10 14 22 25      五期以内出球个数：04    五期以外出球个数：02

2012045:
 08 11 20 21 27 30      五期以内出球个数：04    五期以外出球个数：02

2012046:
 04 12 19 20 23 33      五期以内出球个数：03    五期以外出球个数：03

2012047:
 06 07 11 16 32 33      五期以内出球个数：03    五期以外出球个数：03

2012048:
 01 05 14 22 24 30      五期以内出球个数：03    五期以外出球个数：03

2012049:
 04 12 13 19 20 32      五期以内出球个数：05    五期以外出球个数：01

2012050:
 07 13 15 17 19 24      五期以内出球个数：04    五期以外出球个数：02

2012051:
 02 12 14 17 30 31      五期以内出球个数：04    五期以外出球个数：02

2012052:
 02 03 05 06 20 24      五期以内出球个数：05    五期以外出球个数：01

2012053:
 04 13 15 25 27 33      五期以内出球个数：03    五期以外出球个数：03

2012054:
 06 14 18 20 30 33      五期以内出球个数：05    五期以外出球个数：01

2012055:
 04 06 13 20 24 28      五期以内出球个数：05    五期以外出球个数：01

2012056:
 04 07 14 17 26 31      五期以内出球个数：04    五期以外出球个数：02

2012057:
 03 05 19 21 27 31      五期以内出球个数：04    五期以外出球个数：02

2012058:
 03 06 15 20 25 26      五期以内出球个数：06    五期以外出球个数：00

2012059:
 04 13 21 22 26 31      五期以内出球个数：05    五期以外出球个数：01

2012060:
 07 10 13 16 17 29      五期以内出球个数：03    五期以外出球个数：03

2012061:
 03 08 11 12 14 18      五期以内出球个数：02    五期以外出球个数：04

2012062:
 02 13 16 17 20 31      五期以内出球个数：05    五期以外出球个数：01

2012063:
 02 10 17 19 24 27      五期以内出球个数：03    五期以外出球个数：03

2012064:
 05 10 11 16 23 24      五期以内出球个数：04    五期以外出球个数：02

2012065:
 08 10 18 19 27 31      五期以内出球个数：06    五期以外出球个数：00

2012066:
 01 02 09 26 29 33      五期以内出球个数：01    五期以外出球个数：05

2012067:
 04 05 10 21 26 30      五期以内出球个数：03    五期以外出球个数：03

2012068:
 05 17 22 26 32 33      五期以内出球个数：04    五期以外出球个数：02

2012069:
 08 10 11 18 20 29      五期以内出球个数：05    五期以外出球个数：01

2012070:
 02 03 04 24 31 32      五期以内出球个数：04    五期以外出球个数：02

2012071:
 03 04 19 21 22 23      五期以内出球个数：04    五期以外出球个数：02

2012072:
 02 03 07 09 13 30      五期以内出球个数：03    五期以外出球个数：03

2012073:
 04 07 09 10 17 27      五期以内出球个数：05    五期以外出球个数：01

2012074:
 15 16 18 19 28 32      五期以内出球个数：03    五期以外出球个数：03

2012075:
 04 06 22 23 29 32      五期以内出球个数：04    五期以外出球个数：02

2012076:
 11 18 22 27 29 30      五期以内出球个数：05    五期以外出球个数：01

2012077:
 02 04 13 18 26 28      五期以内出球个数：05    五期以外出球个数：01

2012078:
 08 15 22 24 28 33      五期以内出球个数：03    五期以外出球个数：03

2012079:
 06 07 12 24 30 33      五期以内出球个数：04    五期以外出球个数：02

2012080:
 04 09 14 15 16 27      五期以内出球个数：03    五期以外出球个数：03

2012081:
 02 05 10 24 25 29      五期以内出球个数：03    五期以外出球个数：03

2012082:
 02 04 11 18 22 29      五期以内出球个数：05    五期以外出球个数：01

2012083:
 04 09 14 15 26 33      五期以内出球个数：05    五期以外出球个数：01

2012084:
 02 10 20 26 28 29      五期以内出球个数：04    五期以外出球个数：02

2012085:
 05 17 24 30 31 33      五期以内出球个数：03    五期以外出球个数：03

2012086:
 08 09 13 15 22 23      五期以内出球个数：03    五期以外出球个数：03

2012087:
 03 10 11 13 14 22      五期以内出球个数：05    五期以外出球个数：01

2012088:
 03 05 23 24 27 31      五期以内出球个数：05    五期以外出球个数：01

2012089:
 03 07 10 13 14 25      五期以内出球个数：04    五期以外出球个数：02

2012090:
 02 13 20 25 29 30      五期以内出球个数：03    五期以外出球个数：03

2012091:
 01 05 07 08 19 21      五期以内出球个数：03    五期以外出球个数：03

2012092:
 06 13 17 18 28 32      五期以内出球个数：01    五期以外出球个数：05

2012093:
 03 05 19 21 24 33      五期以内出球个数：05    五期以外出球个数：01

2012094:
 06 09 14 16 23 33      五期以内出球个数：03    五期以外出球个数：03

2012095:
 17 24 27 28 29 30      五期以内出球个数：05    五期以外出球个数：01

2012096:
 04 07 11 16 29 33      五期以内出球个数：04    五期以外出球个数：02

2012097:
 05 08 13 14 19 22      五期以内出球个数：04    五期以外出球个数：02

2012098:
 02 12 19 26 29 31      五期以内出球个数：02    五期以外出球个数：04

2012099:
 08 12 15 16 21 27      五期以内出球个数：04    五期以外出球个数：02

2012100:
 05 07 15 18 25 33      五期以内出球个数：04    五期以外出球个数：02

2012101:
 09 12 17 18 20 33      五期以内出球个数：03    五期以外出球个数：03
