总注数：54264 缩水后：63
01 05 09 13 18 22 05
01 05 10 13 18 22 05
01 05 11 13 18 22 05
01 05 12 13 18 22 05
01 05 12 13 18 24 05
01 05 12 13 18 26 05
01 05 12 18 23 24 05


01 05 12 18 23 26 05
01 05 13 14 18 22 05
01 05 13 15 18 22 05
01 05 13 16 18 22 05
01 05 13 17 18 22 05
01 05 13 18 19 22 05
01 05 13 18 20 22 05
01 05 13 18 21 22 05
01 05 13 18 22 24 05
01 05 13 18 22 26 05





02 05 09 13 18 22 05
02 05 09 13 18 24 05
02 05 09 13 18 26 05
02 05 09 18 23 24 05
02 05 09 18 23 26 05
02 05 10 13 18 22 05


02 05 10 13 18 24 05
02 05 10 13 18 26 05
02 05 10 18 23 24 05
02 05 10 18 23 26 05
02 05 11 13 18 22 05
02 05 11 13 18 24 05
02 05 11 13 18 26 05
02 05 11 18 23 24 05
02 05 11 18 23 26 05

02 05 12 13 18 24 05
02 05 12 13 18 26 05

02 05 12 18 23 24 05
02 05 12 18 23 26 05

02 05 13 14 18 22 05
02 05 13 14 18 26 05
02 05 13 15 18 22 05
02 05 13 15 18 24 05
02 05 13 15 18 26 05

02 05 13 16 18 22 05
02 05 13 16 18 24 05
02 05 13 16 18 26 05

02 05 13 17 18 22 05
02 05 13 17 18 24 05
02 05 13 17 18 26 05
02 05 13 18 19 22 05
02 05 13 18 19 24 05
02 05 13 18 19 26 05
02 05 13 18 20 22 05
02 05 13 18 20 24 05
02 05 13 18 20 26 05

02 05 13 18 21 22 05
02 05 13 18 21 24 05
02 05 13 18 21 26 05
02 05 13 18 22 24 05
02 05 13 18 22 26 05
02 05 13 18 23 24 05
02 05 13 18 23 26 05
02 05 13 18 24 26 05
02 05 13 18 25 26 05
02 05 14 18 23 26 05
