127期：

26 09 01 25 08
04 10 14 23
08 10 25 31
18 22 23 29
01 09 12 27 28 32
01 09 12 17 19 21

杀21 22 23 24


10 16 28=1


[2012128]
①=05 14 21 25 29 30 + 15
②=19 21 25 27 29 30 + 09
③=04 14 21 25 29 31 + 03
④=03 10 25 27 30 32 + 01
⑤=05 14 25 27 29 30 + 03



2012129:




[2012129]
①=04 09 14 16 22 23 + 09
②=04 14 15 16 23 33 + 09
③=07 16 21 24 29 33 + 10
④=09 16 18 23 24 33 + 02
⑤=10 14 16 21 23 24 + 09

杀蓝：
01 05 06 07 08 09 10 12 13 14

==》02 03 04 11 15 16

杀头：
01 03 09 14
杀红：
19 10

杀尾：
24 25 26 29 32 33

27？

不同出：
05 09
09 12 
08 14
03 15

49V 不同出




02 26=1  ==》02
23 29=1  ==》23
必出V：
23V
4V必出
7V

杀9V
杀07到12
杀31 26 31 16 11 06
杀09 20 29 31 32 33


01 03 06 08 09 10 11 12 19 20 26 29 31 32 33

==》
02 04 07  13 14 15 16 17 18 20 21 22 23 24 25 27 28 30

==》
02 04 05 ==1到2
13到18=1到2
20到25=1到2
27 28 30=1到2


01 03 05 06 07 08 09 11 12 13 15 21 23 24 25 26 27 29 30 31 32 33     个数22
02 04 10 14 16 17 18 19 20 22 28     个数11


07 13 15 21 23 24 25 26 27 29 30
02 04 16 17 18 19 20 22 28     个数11





尾不同出：
025 259 901

13 14 15 16 17 18=？
07 13 14 19 20 25=? ==》13 14 25
25 31 32 10 21=?    ==》10 25 21
07 08 09 10 18 31=？==》07 18 
04 07=？            ==》04 07
02 24 25 28=？      ==》02 24 25 28
01 07 12 22 24 32=？==》07 22 24
03 04 05 21 24 28=？==》04 21 24 28


06 07 25 27=？

2012128:
17: 01 16 23                                      ==》
19: 14 21 30                                      ==》30 
20: 07 11 18                                      ==》
21: 06 17 31 32                                   ==》31 
22: 08 12 25                                      ==》12 
23: 19                                            ==》
24: 10 27 28                                      ==》
25: 02 05 29                                      ==》05 29 
26: 13 20 26                                      ==》
27: 03 04 09 15 22 33                             ==》09 
34: 24                                            ==》


17: 01 16 23                                      ==》23
19: 14 21                                         ==》21
20: 07 11 18 30                                   ==》11 18 30
21: 06 17 32                                      ==》17
22: 08 25 31                                      ==》25
23: 12 19                                         ==》19
24: 10 27 28                                      ==》27 28
25: 02                                            ==》02
26: 05 13 20 26 29                                ==》13 20 29
27: 03 04 15 22 33                                ==》04 15 22
28: 09                                            ==》09
34: 24                                            ==》24


自己精杀：

07 08 10 12
14 16 26