2013005:
µÚÒ»Î»£º
03-09
É±4²î     ==¡·04
É±0²î?    ==¡·11 22 33
É±8²î?    ==¡·08 19
É±9²î?    ==¡·09
É±6²î     ==¡·06
É±0ºÏ     ==¡·19 28
É±5ºÏ     ==¡·05 14
É±9ºÏ     ==¡·09
É±2Î²     ==¡·02 12
É±8Î²     ==¡·08

åû£º
É±5
É±4ºÏ

01 03 07

µÚ¶þÎ»£º
04-19
É±09
É±1²î   ==¡·01 10 12 21
É±0²î   ==¡·11 22
É±1ºÏ   ==¡·01 10
É±0ºÏ   ==¡·19 28
É±4ºÏ   ==¡·04 13
É±7Î²   ==¡·07 17
É±9Î²   ==¡·09 19
åû£º
É±6
É±6ºÏ   ==¡·06 15
É±9Î²   ==¡·09 19

04 05 08 14 16 18


µÚÈýÎ»£º
10-22
É±15
É±9
É±5²î  05 16 27
É±5ºÏ  05 14 23
É±7ºÏ  07 16 25
É±6ºÏ  06 15 24 33
É±5Î²  05 15 25
åû£º
É±10
É±23
É±4ºÏ  04 13 22
É±7Î²  07 17 27
6Î²£¿  06 16 26
6²î£¿  06 17 28

11 12 18 19 20 21

µÚËÄÎ»£º
17-27
É±19
É±3²î  03 14 25 30
É±8²î  08 19
É±4²î£¿04 15 26
É±4ºÏ  04 13 22 31
É±1ºÏ  01 10 29
åû£º
É±8ºÏ 08 17 26
É±3Î² 03 13 23
 
É±5Î² 05 15 25
É±9Î² 09 19 29

18 20 21 24 27


µÚÎåÎ»£º
19-31
É±26
É±20
É±3²î  03 14 25 30
É±1²î  01 10 12 21 23 32
É±6²î£¿06 17 28
É±6ºÏ  06 15 24 31
É±8ºÏ£¿08 17 26
É±4Î²  04 14 24
É±6Î²  06 16 26
åû£º
É±23
É±8ºÏ  08 17 26

19 22 27 29



µÚÁùÎ»£º
23-33
É±31   
É±25
É±8²î£¿08 19
É±3²î£¿03 14 25 30
É±7²î£¿07 18  29
É±4ºÏ  04 13 22 31
É±0Î²  10 20 30
É±8Î²  08 18 28
åû£º
É±30
É±33
É±6ºÏ  06 15 24 33
É±8Î²  08 18 28
É±1Î²  01 11 21 31
É±2²î£¿02 13 20 24 31


23 26 27 29 32


É±¼«¾à£º

×îµÍ£º26 27
É±1-23
É±32



µÚÒ»Î»£º01 03 07                                  ==¡·03
µÚ¶þÎ»£º04 05 08 14 16 18                         ==¡·08 14 16 18      ==¡·08
µÚÈýÎ»£º11 12 18 19 20 21                         ==¡·11 18 19 20 21
µÚËÄÎ»£º18 20 21 24 27                            ==¡·18 20 21 24 27
µÚÎåÎ»£º19 22 25 27                               ==¡·19 25 27
µÚÁùÎ»£º23 26 27 29 32                            ==¡·25 27 29



00²ã:   06 10 16 20 27 32                         ==¡·
01²ã:   22 23 26 28 33                            ==¡·
02²ã:   01 18 30                                  ==¡·18
03²ã:   08 14 15 24 25                            ==¡·
04²ã:   05 07 12                                  ==¡·0


03 08 11 18 19 20 21 24 25 27 29

03 08
11 18 19 20 21 24 25 27 29


2013004:
21: 16 23                                         ==¡·16 
22: 14                                            ==¡·
24: 30                                            ==¡·
25: 01 11                                         ==¡·
26: 06 10 18                                      ==¡·06 10 
27: 19 21 25 31                                   ==¡·
28: 12 32                                         ==¡·32 
29: 04 07 08 17                                   ==¡·
30: 02 09 15 20 27 33                             ==¡·20 27 
31: 03 13 29                                      ==¡·
32: 22 26                                         ==¡·
34: 28                                            ==¡·
36: 05                                            ==¡·
39: 24                                            ==¡·


21: 23                                            ==¡·
22: 14 16                                         ==¡·
24: 30                                            ==¡·
25: 01 11                                         ==¡·
26: 18                                            ==¡·
27: 06 10 19 21 25 31                             ==¡·
28: 12                                            ==¡·
29: 04 07 08 17 32                                ==¡·
30: 02 09 15 33                                   ==¡·
31: 03 13 20 27 29                                ==¡·
32: 22 26                                         ==¡·
34: 28                                            ==¡·
36: 05                                            ==¡·
39: 24                                            ==¡·


01 05 06 07 08 10 12 14 15 16 18 20 22 23 24 25 26 27 28 30 32 33     ¸öÊý22
02 03 04 09 11 13 17 19 21 29 31     ¸öÊý11

01 05 06 07 08 10 12 14 15 16 18 20 22 23 24 25 26 27 28 30 32 33     ¸öÊý22
02 03 04 09 11 13 17 19 21 29 31     ¸öÊý11

==¡·É±
03 19 29

À¶£º
É±16
É±13
É±11
É±05
É±06
É±03
É±07

´ÎÉ±£º
01 

02 04 08 09 10 12 14 15









×Ü×¢Êý£º924 ËõË®ºó£º100
03 08 11 18 19 23:06
03 08 11 18 19 25:06
03 08 11 18 19 27:06
03 08 11 18 19 29:06
03 08 11 18 20 23:06
03 08 11 18 20 25:06
03 08 11 18 20 27:06
03 08 11 18 20 29:06
03 08 11 18 21 23:06
03 08 11 18 21 25:06
03 08 11 18 21 27:06
03 08 11 18 21 29:06
03 08 11 18 24 25:06
03 08 11 18 24 27:06
03 08 11 18 24 29:06
03 08 11 18 25 27:06
03 08 11 18 25 29:06
03 08 11 19 20 23:06
03 08 11 19 20 25:06
03 08 11 19 20 27:06
03 08 11 19 20 29:06
03 08 11 19 21 23:06
03 08 11 19 21 25:06
03 08 11 19 21 27:06
03 08 11 19 21 29:06
03 08 11 19 24 25:06
03 08 11 19 24 27:06
03 08 11 19 24 29:06
03 08 11 19 25 27:06
03 08 11 19 25 29:06
03 08 11 20 21 23:06
03 08 11 20 21 25:06
03 08 11 20 21 27:06
03 08 11 20 21 29:06
03 08 11 20 24 25:06
03 08 11 20 24 27:06
03 08 11 20 24 29:06
03 08 11 20 25 27:06
03 08 11 20 25 29:06
03 08 11 21 24 25:06
03 08 11 21 24 27:06
03 08 11 21 24 29:06
03 08 11 21 25 27:06
03 08 11 21 25 29:06
03 08 11 24 25 27:06
03 08 11 24 25 29:06
03 08 18 19 20 23:06
03 08 18 19 20 25:06
03 08 18 19 20 27:06
03 08 18 19 20 29:06
03 08 18 19 21 23:06
03 08 18 19 21 25:06
03 08 18 19 21 27:06
03 08 18 19 21 29:06
03 08 18 19 24 25:06
03 08 18 19 24 27:06
03 08 18 19 24 29:06
03 08 18 19 25 27:06
03 08 18 19 25 29:06
03 08 18 20 21 23:06
03 08 18 20 21 25:06
03 08 18 20 21 27:06
03 08 18 20 21 29:06
03 08 18 20 24 25:06
03 08 18 20 24 27:06
03 08 18 20 24 29:06
03 08 18 20 25 27:06
03 08 18 20 25 29:06
03 08 18 21 24 25:06
03 08 18 21 24 27:06
03 08 18 21 24 29:06
03 08 18 21 25 27:06
03 08 18 21 25 29:06
03 08 18 24 25 27:06
03 08 18 24 25 29:06
03 08 19 20 21 23:06
03 08 19 20 21 25:06
03 08 19 20 21 27:06
03 08 19 20 21 29:06
03 08 19 20 24 25:06
03 08 19 20 24 27:06
03 08 19 20 24 29:06
03 08 19 20 25 27:06
03 08 19 20 25 29:06
03 08 19 21 24 25:06
03 08 19 21 24 27:06
03 08 19 21 24 29:06
03 08 19 21 25 27:06
03 08 19 21 25 29:06
03 08 19 24 25 27:06
03 08 19 24 25 29:06
03 08 20 21 24 25:06
03 08 20 21 24 27:06
03 08 20 21 24 29:06
03 08 20 21 25 27:06
03 08 20 21 25 29:06
03 08 20 24 25 27:06
03 08 20 24 25 29:06
03 08 21 24 25 27:06
03 08 21 24 25 29:06
