12053001 01 05 09 10 11
12053002 03 04 06 09 11
12053003 01 04 08 10 11
12053004 01 04 06 07 09
12053005 02 05 07 08 09
12053006 03 04 05 08 10
12053007 01 02 06 07 10
12053008 01 02 03 04 05
12053009 01 06 07 08 09
12053010 02 04 05 07 09
12053011 02 05 06 07 09
12053012 03 04 06 09 11
12053013 01 04 06 07 08
12053014 01 06 07 08 09
12053015 01 05 07 10 11
12053016 01 02 03 07 10
12053017 01 07 09 10 11
12053018 02 04 05 06 10
12053019 03 04 07 09 10
12053020 06 07 08 09 10
12053021 01 04 07 09 11
12053022 01 03 04 05 09
12053023 03 06 08 09 10
12053024 01 02 05 07 10
12053025 01 04 09 10 11
12053026 01 03 04 07 11
12053027 01 03 05 06 09
12053028 02 06 08 09 10
12053029 01 02 03 06 07
12053030 04 06 09 10 11
12053031 06 07 08 09 10
12053032 02 04 05 07 11
12053033 01 03 05 06 09
12053034 03 04 08 09 11
12053035 03 04 07 09 11
12053036 01 02 04 07 08
12053037 04 06 07 08 10
12053038 05 06 07 09 11
12053039 04 05 08 09 10
12053040 02 04 06 10 11
12053041 02 04 06 08 11
12053042 01 02 03 07 08
12053043 01 06 07 08 10
12053044 03 04 06 07 10
12053045 07 08 09 10 11
12053046 02 05 06 07 11
12053047 01 02 03 05 09
12053048 03 05 06 07 10
12053049 03 05 06 07 11
12053050 01 02 03 05 07
12053051 01 06 09 10 11
12053052 02 04 07 08 09
12053053 01 03 04 06 09
12053054 01 02 04 05 07
12053055 01 04 05 07 09
12053056 03 06 08 09 10
12053057 02 05 07 08 09
12053058 04 06 07 08 11
12053059 01 04 05 08 11
12053060 01 03 04 05 11
12053061 01 02 04 06 11
12053062 02 05 06 08 09
12053063 01 04 06 10 11
12053064 03 05 06 10 11
12053065 03 05 09 10 11
12053066 01 06 07 08 10
12053067 04 06 07 08 09
12053068 02 03 08 09 10
12053069 02 04 05 09 10
12053070 03 07 08 10 11
12053071 03 05 07 09 11
12053072 03 05 06 07 08
12053073 01 03 05 06 10
12053074 01 02 06 08 11
12053075 02 04 05 07 09
12053076 01 02 06 08 10
12053077 02 07 08 09 11
12053078 01 02 03 06 09
12053079 01 03 04 07 11
12053080 02 05 06 07 11
12053081 03 07 08 09 10
12053082 03 04 05 06 11
12053083 04 05 07 09 11
12053084 01 07 08 09 10
12053101 04 05 07 10 11
12053102 04 05 07 10 11
12053103 01 05 06 09 10
12053104 04 06 07 08 11
12053105 01 06 07 09 11
12053106 02 03 05 08 10
12053107 04 08 09 10 11
12053108 04 06 09 10 11
12053109 03 06 07 10 11
12053110 02 04 05 09 11
12053111 03 04 05 09 11
12053112 01 07 08 09 10
12053113 03 05 06 10 11
12053114 02 04 07 10 11
12053115 01 02 06 08 11
12053116 03 07 09 10 11
12053117 02 04 07 08 11
12053118 01 02 05 07 11
12053119 02 04 05 08 10
12053120 01 03 07 10 11
12053121 02 03 05 06 09
12053122 01 03 06 09 10
12053123 02 05 07 09 11
12053124 03 04 05 06 10
12053125 02 06 07 08 11
12053126 02 03 05 06 08
12053127 01 05 06 07 10
12053128 02 04 05 06 08
12053129 01 04 05 09 11
12053130 04 05 06 09 11
12053131 04 05 07 08 09
12053132 01 03 04 08 10
12053133 03 07 09 10 11
12053134 01 07 08 09 10
12053135 02 04 05 07 09
12053136 01 02 04 05 07
12053137 01 02 04 07 11
12053138 02 04 05 06 09
12053139 01 06 08 09 10
12053140 02 03 05 06 10
12053141 01 02 03 06 08
12053142 04 05 06 07 11
12053143 03 07 09 10 11
12053144 01 02 05 09 10
12053145 01 06 07 10 11
12053146 01 02 04 05 11
12053147 03 04 05 07 09
12053148 01 04 06 09 11
12053149 04 06 08 10 11
12053150 03 06 07 08 10
12053151 06 07 08 09 11
12053152 04 07 08 09 10
12053153 01 03 08 10 11
12053154 04 06 07 08 09
12053155 02 04 05 06 11
12053156 02 05 06 09 10
12053157 06 08 09 10 11
12053158 02 03 04 07 11
12053159 03 04 05 06 10
12053160 02 05 06 07 09
12053161 02 06 07 08 10
12053162 05 07 08 09 11
12053163 01 04 08 10 11
12053164 01 03 06 09 11
12053165 03 04 05 06 09
12053166 01 02 03 04 06
12053167 02 04 09 10 11
12053168 02 07 08 10 11
12053169 01 03 06 07 11
12053170 01 03 04 07 11
12053171 03 05 07 09 10
12053172 02 03 04 09 10
12053173 02 03 04 08 10
12053174 02 04 05 07 11
12053175 02 03 05 06 11
12053176 03 06 07 08 10
12053177 04 05 06 09 10
12053178 01 03 06 08 10
12053179 01 03 06 07 10
12053180 03 04 08 09 11
12053181 01 02 06 07 11
12053182 01 05 06 07 09
12053183 02 04 07 09 11
12053184 01 04 05 10 11
12073101 05 06 08 09 10
12073102 01 04 06 07 08
12073103 01 04 07 08 09
12073104 02 05 07 09 10
12073105 01 05 06 08 10
12073106 01 02 03 05 07
12073107 01 04 06 07 09
12073108 06 07 08 10 11
12073109 01 04 05 09 11
12073110 05 08 09 10 11
12073111 05 06 08 10 11
12073112 01 05 06 09 11
12073113 01 02 03 08 09
12073114 01 02 04 05 11
12073115 01 03 05 06 07
12073116 01 05 06 07 10
12073117 04 06 07 10 11
12073118 01 06 07 08 09
12073119 01 03 06 07 08
12073120 02 03 04 09 11
12073121 03 05 06 07 10
12073122 02 06 08 10 11
12073123 03 05 06 07 09
12073124 02 05 07 09 10
12073125 02 06 07 08 09
12073126 01 02 08 10 11
12073127 02 04 06 07 08
12073128 02 06 07 09 10
12073129 02 05 06 07 08
12073130 01 02 03 04 07
12073131 01 04 05 08 11
12073132 01 06 08 09 11
12073133 02 04 05 07 09
12073134 02 03 04 06 08
12073135 03 04 05 08 09
12073136 04 06 07 09 10
12073137 05 06 07 09 11
12073138 01 02 03 04 08
12073139 04 05 06 07 11
12073140 02 06 07 08 09
12073141 04 05 06 07 11
12073142 01 05 08 09 11
12073143 02 03 04 07 09
12073144 02 03 04 05 11
12073145 04 05 07 09 11
12073146 01 04 08 09 10
12073147 01 04 05 09 11
12073148 05 07 08 09 10
12073149 01 02 03 04 08
12073150 02 05 06 09 11
12073151 04 05 06 08 10
12073152 01 04 05 07 09
12073153 01 02 05 10 11
12073154 04 06 07 08 10
12073155 01 04 05 07 08
12073156 01 03 04 06 07
12073157 01 03 06 10 11
12073158 04 05 06 09 10
12073159 01 05 06 07 11
12073160 01 03 04 05 07
12073161 06 07 09 10 11
12073162 01 03 04 06 10
12073163 01 03 05 09 10
12073164 03 04 07 09 11
12073165 06 08 09 10 11
12073166 01 04 06 09 10
12073167 01 02 05 08 09
12073168 01 02 04 06 07
12073169 01 02 05 06 07
12073170 01 05 09 10 11
12073171 02 03 05 08 11
12073172 01 02 04 05 10
12073173 01 02 04 05 10
12073174 01 04 05 08 10
12073175 01 06 07 09 11
12073176 04 05 06 08 11
12073177 02 03 04 06 11
12073178 02 03 05 06 08
12073179 01 02 06 07 08
12073180 02 04 05 07 08
12073181 01 06 07 08 10
12073182 03 06 09 10 11
12073183 03 06 07 08 09
12073184 01 02 06 07 08
12080101 02 05 09 10 11
12080102 02 04 06 08 11
12080103 01 02 08 09 11
12080104 02 03 06 07 09
12080105 01 03 08 10 11
12080106 03 05 07 09 10
12080107 01 03 05 08 09
12080108 01 02 08 10 11
12080109 03 05 07 10 11
12080110 01 02 03 06 10
12080111 02 05 06 10 11
12080112 02 04 05 06 10
12080113 02 03 04 06 08
12080114 01 03 05 06 07
12080115 02 04 07 08 11
12080116 02 05 09 10 11
12080117 01 05 08 09 10
12080118 01 03 04 08 11
12080119 02 03 07 08 10
12080120 01 02 06 07 10
12080121 01 05 08 09 11
12080122 02 05 07 08 10
12080123 01 04 05 10 11
12080124 02 04 05 08 11
12080125 03 04 05 06 08
12080126 01 02 06 07 08
12080127 02 04 07 09 11
12080128 02 06 09 10 11
12080129 04 05 07 08 10
12080130 01 02 03 04 10
12080131 01 06 07 08 11
12080132 01 04 07 10 11
12080133 02 03 08 10 11
12080134 01 03 04 09 11
12080135 01 04 06 08 10
12080136 02 03 04 08 11
12080137 03 04 08 10 11
12080138 06 07 08 10 11
12080139 02 03 07 08 09
12080140 02 04 05 09 11
12080141 02 03 05 07 08
12080142 04 07 08 10 11
12080143 05 07 08 09 10
12080144 02 03 06 09 10
12080145 01 02 09 10 11
12080146 02 05 08 10 11
12080147 01 03 04 06 11
12080148 07 08 09 10 11
12080149 02 04 05 07 09
12080150 02 06 07 09 11
12080151 01 02 03 04 07
12080152 04 05 06 10 11
12080153 01 02 06 08 11
12080154 01 02 05 07 10
12080155 03 04 06 07 09
12080156 03 05 06 07 09
12080157 01 02 03 05 11
12080158 01 05 06 09 10
12080159 01 02 03 06 08
12080160 01 05 07 08 11
12080161 01 03 09 10 11
12080162 05 07 08 09 11
12080163 01 04 07 09 10
12080164 03 05 08 09 11
12080165 01 03 05 09 11
12080166 02 04 05 08 11
12080167 02 04 05 08 09
12080168 04 05 07 09 10
12080169 01 03 06 07 09
12080170 01 04 05 06 10
12080171 03 04 05 07 10
12080172 01 04 06 07 10
12080173 02 03 05 07 10
12080174 02 03 05 07 11
12080175 01 02 04 05 11
12080176 01 03 04 06 11
12080177 01 02 05 06 11
12080178 01 05 07 09 10
12080179 01 04 06 07 11
12080180 01 02 03 07 10
12080181 02 06 08 10 11
12080182 03 04 06 09 10
12080183 01 02 04 07 10
12080184 05 08 09 10 11
12080201 01 02 04 06 07
12080202 01 03 05 06 11
12080203 01 02 03 04 07
12080204 02 04 05 07 11
12080205 04 06 07 09 11
12080206 01 02 05 06 11
12080207 01 03 04 05 10
12080208 01 02 04 05 08
12080209 01 05 08 09 10
12080210 02 03 05 08 10
12080211 03 04 05 07 08
12080212 02 05 06 09 11
12080213 04 05 07 08 09
12080214 01 06 07 08 11
12080215 01 02 03 07 08
12080216 02 04 05 08 10
12080217 04 05 07 08 10
12080218 02 06 07 08 09
12080219 02 04 06 07 11
12080220 04 06 07 10 11
12080221 01 02 03 04 06
12080222 01 03 04 05 08
12080223 01 04 06 08 10
12080224 02 04 09 10 11
12080225 01 02 03 06 10
12080226 05 07 08 09 11
12080227 02 03 05 10 11
12080228 01 04 08 10 11
12080229 02 03 06 08 11
12080230 03 04 06 09 11
12080231 03 04 05 07 08
12080232 02 04 06 07 10
12080233 02 04 06 10 11
12080234 05 07 08 09 10
12080235 02 03 04 05 11
12080236 01 04 08 09 11
12080237 01 04 09 10 11
12080238 04 05 06 08 11
12080239 02 05 06 07 08
12080240 02 03 08 09 11
12080241 01 07 09 10 11
12080242 01 02 06 09 11
12080243 03 04 07 10 11
12080244 02 05 07 09 10
12080245 01 03 08 09 10
12080246 01 05 06 07 09
12080247 03 04 09 10 11
12080248 05 07 08 09 10
12080249 01 05 08 09 11
12080250 02 04 05 09 10
12080251 02 03 05 10 11
12080252 01 05 07 08 10
12080253 02 04 06 09 11
12080254 02 04 05 08 11
12080255 01 02 08 09 10
12080256 01 04 07 09 10
12080257 01 03 08 09 10
12080258 02 03 06 07 11
12080259 01 02 04 07 08
12080260 04 05 06 07 11
12080261 01 02 04 07 08
12080262 01 03 04 06 10
12080263 01 03 04 05 09
12080264 01 02 06 07 08
12080265 01 03 04 06 11
12080266 02 04 07 08 10
12080267 01 02 05 08 10
12080268 01 03 08 09 10
12080269 03 05 06 07 10
12080270 01 03 08 10 11
12080271 01 02 04 08 11
12080272 03 04 05 08 09
12080273 01 03 06 09 11
12080274 03 04 07 08 09
12080275 02 07 09 10 11
12080276 04 05 06 09 11
12080277 03 05 07 08 09
12080278 06 07 08 09 11
12080279 01 02 03 05 09
12080280 01 06 07 08 09
12080281 01 03 04 06 11
12080282 01 02 04 06 10
12080283 01 05 06 08 09
12080284 02 03 04 06 09
12080301 02 05 06 08 10
12080302 02 05 06 08 09
12080303 03 07 08 09 11
12080304 01 02 03 10 11
12080305 01 02 05 07 08
12080306 02 04 05 06 10
12080307 01 02 03 05 07
12080308 02 04 07 09 11
12080309 03 05 07 09 10
12080310 01 04 05 06 10
12080311 01 02 05 09 11
12080312 01 05 08 10 11
12080313 02 04 05 08 11
12080314 02 03 04 08 10
12080315 03 04 08 09 11
12080316 05 07 08 09 10
12080317 01 02 03 06 09
12080318 03 06 09 10 11
12080319 02 03 04 07 10
12080320 02 03 04 07 11
12080321 02 05 08 09 11
12080322 02 07 08 09 10
12080323 01 03 06 08 09
12080324 04 06 09 10 11
12080325 02 04 06 07 08
12080326 01 03 05 07 11
12080327 02 03 05 07 09
12080328 03 04 05 10 11
12080329 02 04 07 09 10
12080330 02 04 05 08 11
12080331 01 05 06 08 09
12080332 03 04 05 06 09
12080333 01 02 03 08 11
12080334 01 04 06 09 10
12080335 03 06 08 09 10
12080336 01 05 07 09 11
12080337 02 03 05 06 09
12080338 02 06 08 10 11
12080339 02 04 05 09 10
12080340 01 02 05 09 10
12080341 04 05 06 07 10
12080342 01 03 04 07 08
12080343 01 07 08 09 11
12080344 02 04 05 08 10
12080345 02 03 05 07 10
12080346 03 04 06 09 11
12080347 01 03 04 05 08
12080348 01 02 03 04 07
12080349 03 05 06 10 11
12080350 01 04 06 09 10
12080351 01 05 06 10 11
12080352 01 03 05 09 10
12080353 04 05 09 10 11
12080354 06 07 08 10 11
12080355 04 05 06 10 11
12080356 03 04 05 06 09
12080357 01 06 07 08 09
12080358 02 03 05 07 09
12080359 04 05 08 10 11
12080360 03 06 07 08 09
12080361 04 05 07 10 11
12080362 02 04 05 09 10
12080363 01 02 05 07 11
12080364 01 07 09 10 11
12080365 05 08 09 10 11
12080366 01 05 08 09 11
12080367 02 05 09 10 11
12080368 02 05 06 08 09
12080369 01 03 04 06 07
12080370 02 04 07 10 11
12080371 01 02 05 08 11
12080372 01 02 05 06 09
12080373 03 05 08 09 11
12080374 02 05 07 08 11
12080375 03 04 05 08 11
12080376 01 03 05 09 10
12080377 02 06 07 08 10
12080378 03 04 06 07 09
12080379 01 05 06 07 10
12080380 01 02 06 08 10
12080381 01 02 08 10 11
12080382 01 06 07 10 11
12080383 03 07 08 10 11
12080384 02 03 08 10 11
12080401 01 02 05 07 11
12080402 02 05 08 10 11
12080403 02 03 06 08 10
12080404 04 05 08 09 11
12080405 01 04 05 06 09
12080406 01 03 09 10 11
12080407 01 02 05 06 07
12080408 02 07 08 10 11
12080409 04 06 07 08 11
12080410 02 05 06 07 09
12080411 01 02 05 06 08
12080412 02 05 07 10 11
12080413 04 05 07 08 11
12080414 01 02 06 09 11
12080415 03 04 06 09 11
12080416 02 06 07 10 11
12080417 02 03 04 08 10
12080418 02 05 06 09 11
12080419 02 05 06 07 11
12080420 03 05 08 09 11
12080421 03 04 05 07 11
12080422 03 04 07 09 11
12080423 01 03 04 07 09
12080424 01 04 08 09 10
12080425 03 05 08 10 11
12080426 01 02 05 07 08
12080427 02 03 04 10 11
12080428 01 04 06 08 09
12080429 02 03 05 06 08
12080430 03 04 08 09 11
12080431 06 07 08 09 10
12080432 01 04 06 08 11
12080433 02 03 04 05 10
12080434 02 03 05 07 10
12080435 02 03 04 05 09
12080436 01 02 06 07 10
12080437 01 06 07 10 11
12080438 04 06 07 09 11
12080439 01 02 03 05 10
12080440 02 05 08 09 11
12080441 02 03 05 09 10
12080442 02 03 07 09 11
12080443 01 02 04 05 08
12080444 01 06 07 08 09
12080445 02 05 07 09 10
12080446 03 04 05 10 11
12080447 01 02 03 08 11
12080448 01 02 04 08 11
12080449 02 03 04 06 07
12080450 03 04 05 07 08
12080451 01 03 06 09 10
12080452 01 02 09 10 11
12080453 01 04 05 10 11
12080454 03 04 05 10 11
12080455 03 05 06 08 09
12080456 01 02 03 04 05
12080457 01 02 03 08 11
12080458 01 03 04 08 10
12080459 01 02 04 06 09
12080460 01 04 06 07 09
12080461 02 05 06 08 10
12080462 04 07 09 10 11
12080463 01 03 06 10 11
12080464 02 04 07 08 10
12080465 04 06 07 08 09
12080466 05 07 08 09 11
12080467 01 02 03 08 09
12080468 01 02 04 07 09
12080469 04 05 07 08 11
12080470 02 06 09 10 11
12080471 01 04 05 08 11
12080472 02 03 07 09 11
12080473 03 04 06 10 11
12080474 02 04 06 07 08
12080475 01 03 05 07 09
12080476 02 04 07 09 10
12080477 01 03 04 07 08
12080478 04 05 06 10 11
12080479 06 08 09 10 11
12080480 01 03 05 06 09
12080481 03 08 09 10 11
12080482 04 05 06 08 11
12080483 03 06 08 09 11
12080484 01 03 05 08 09
12080501 01 04 06 07 10
12080502 02 03 06 09 10
12080503 04 06 07 08 09
12080504 01 05 09 10 11
12080505 01 02 03 06 08
12080506 02 04 09 10 11
12080507 01 02 06 07 10
12080508 01 06 09 10 11
12080509 02 07 08 10 11
12080510 02 04 07 08 10
12080511 01 02 07 09 10
12080512 03 04 09 10 11
12080513 01 05 07 08 09
12080514 01 05 07 09 11
12080515 01 02 05 06 11
12080516 06 07 08 09 10
12080517 01 04 08 10 11
12080518 02 05 09 10 11
12080519 04 06 07 08 10
12080520 01 04 05 06 08
12080521 02 03 06 08 11
12080522 01 02 05 06 10
12080523 05 06 08 10 11
12080524 02 04 09 10 11
12080525 01 07 08 10 11
12080526 01 02 07 08 09
12080527 01 02 05 09 10
12080528 01 06 07 10 11
12080529 03 04 06 07 11
12080530 03 05 06 08 09
12080531 03 06 08 09 10
12080532 03 04 05 07 08
12080533 01 03 05 08 09
12080534 02 04 05 07 10
12080535 01 05 06 07 09
12080536 02 07 08 09 11
12080537 02 03 05 09 10
12080538 01 05 06 07 08
12080539 03 07 08 09 11
12080540 01 02 04 08 11
12080541 01 03 04 07 10
12080542 02 03 04 05 10
12080543 01 05 08 09 10
12080544 02 06 09 10 11
12080545 01 04 05 09 11
12080546 03 04 08 09 11
12080547 05 07 09 10 11
12080548 05 06 07 09 10
12080549 05 07 09 10 11
12080550 04 06 07 08 09
12080551 04 05 06 10 11
12080552 03 04 07 08 11
12080553 04 05 06 08 11
12080554 01 03 07 08 11
12080555 01 02 07 09 11
12080556 02 05 06 09 11
12080557 01 02 06 08 11
12080558 01 04 05 09 11
12080559 05 06 07 08 09
12080560 03 04 08 09 10
12080561 02 05 07 08 10
12080562 02 03 04 05 06
12080563 02 03 04 06 08
12080564 04 06 09 10 11
12080565 03 06 08 09 10
12080566 01 05 07 09 11
12080567 01 03 05 07 09
12080568 02 04 05 06 08
12080569 01 03 04 06 09
12080570 01 04 05 06 10
12080571 01 05 08 09 11
12080572 01 04 08 09 11
12080573 03 04 06 08 11
12080574 01 02 04 06 07
12080575 01 03 07 09 11
12080576 02 03 06 08 11
12080577 02 05 07 10 11
12080578 02 03 04 06 08
12080579 03 04 05 06 07
12080580 01 03 04 09 10
12080581 02 03 04 06 08
12080582 01 02 04 05 10
12080583 01 05 06 08 09
12080584 03 05 07 08 11
12080601 01 02 05 08 10
12080602 01 02 07 09 10
12080603 06 07 08 09 10
12080604 02 03 04 07 11
12080605 01 02 06 10 11
12080606 01 03 04 08 10
12080607 01 02 06 09 10
12080608 01 03 05 06 10
12080609 02 06 08 09 10
12080610 01 04 05 08 11
12080611 06 08 09 10 11
12080612 01 02 03 08 09
12080613 02 04 06 07 08
12080614 03 05 06 07 08
12080615 02 03 05 08 11
12080616 01 03 06 08 10
12080617 02 06 08 09 11
12080618 02 03 04 05 08
12080619 03 07 08 09 11
12080620 02 03 04 05 06
12080621 01 02 05 06 11
12080622 01 04 08 09 10
12080623 02 05 07 10 11
12080624 01 03 06 08 10
12080625 02 04 05 07 09
12080626 01 03 04 09 10
12080627 01 02 03 04 08
12080628 01 04 06 08 10
12080629 02 04 08 09 11
12080630 01 03 04 05 07
12080631 02 04 08 09 10
12080632 02 04 05 09 10
12080633 03 04 05 10 11
12080634 02 03 06 07 08
12080635 02 05 07 09 10
12080636 04 05 06 07 10
12080637 01 02 05 09 10
12080638 03 05 06 08 11
12080639 01 03 06 07 10
12080640 03 04 06 08 11
12080641 01 05 06 09 10
12080642 02 04 06 09 11
12080643 03 06 09 10 11
12080644 01 05 08 09 11
12080645 02 06 07 08 11
12080646 06 08 09 10 11
12080647 02 04 06 07 11
12080648 01 04 05 06 09
12080649 03 05 07 10 11
12080650 02 05 06 08 10
12080651 03 04 05 06 10
12080652 03 05 06 08 11
12080653 01 06 07 09 11
12080654 04 05 07 09 11
12080655 01 03 04 05 11
12080656 01 03 04 06 07
12080657 02 04 06 08 11
12080658 01 03 05 07 08
12080659 04 05 06 09 10
12080660 03 04 08 10 11
12080661 01 02 05 09 11
12080662 02 07 09 10 11
12080663 02 03 04 08 11
12080664 01 02 05 08 11
12080665 01 02 05 07 08
12080666 02 05 09 10 11
12080667 04 06 07 08 09
12080668 01 02 07 08 09
12080669 01 03 04 05 09
12080670 01 02 05 08 11
12080671 02 05 08 09 11
12080672 02 03 05 06 07
12080673 02 04 09 10 11
12080674 01 02 04 06 11
12080675 01 02 06 08 11
12080676 01 02 03 05 09
12080677 01 03 09 10 11
12080678 02 03 05 07 10
12080679 01 03 05 08 11
12080680 03 04 07 08 09
12080681 01 03 06 07 08
12080682 04 05 07 08 10
12080683 03 04 05 07 10
12080684 02 04 07 08 11
12080701 04 05 06 07 10
12080702 01 03 05 09 10
12080703 01 02 05 07 09
12080704 02 04 07 08 10
12080705 01 02 05 08 11
12080706 03 06 07 09 11
12080707 01 03 05 07 08
12080708 01 02 08 09 11
12080709 01 03 05 06 07
12080710 01 02 06 09 10
12080711 02 03 05 06 10
12080712 02 04 05 07 09
12080713 01 02 03 10 11
12080714 01 06 07 09 11
12080715 02 03 04 07 10
12080716 01 02 03 05 11
12080717 01 06 07 08 09
12080718 01 04 06 08 10
12080719 01 02 03 07 09
12080720 03 04 05 07 11
12080721 04 05 06 09 10
12080722 02 03 05 10 11
12080723 01 02 03 08 11
12080724 05 07 08 09 11
12080725 04 06 07 08 10
12080726 01 02 03 08 09
12080727 02 03 04 06 08
12080728 02 04 05 08 09
12080729 01 03 04 06 11
12080730 01 02 06 09 11
12080731 03 04 06 07 08
12080732 06 07 09 10 11
12080733 04 05 08 09 10
12080734 04 06 07 08 10
12080735 01 02 03 07 09
12080736 01 02 05 08 11
12080737 01 02 04 08 11
12080738 03 06 07 09 10
12080739 01 07 08 10 11
12080740 04 06 07 08 11
12080741 01 02 05 06 07
12080742 01 04 07 09 11
12080743 05 07 08 10 11
12080744 02 04 06 08 11
12080745 02 03 08 09 11
12080746 01 02 08 10 11
12080747 01 03 07 09 11
12080748 01 04 05 07 10
12080749 01 03 06 07 08
12080750 02 04 06 09 10
12080751 04 06 07 09 11
12080752 01 04 05 07 08
12080753 01 02 04 06 08
12080754 02 03 05 08 11
12080755 04 05 08 10 11
12080756 01 03 04 05 10
12080757 05 06 08 09 10
12080758 02 04 08 10 11
12080759 02 04 08 10 11
12080760 02 03 04 05 10
12080761 01 03 05 10 11
12080762 01 07 09 10 11
12080763 01 05 06 07 08
12080764 03 05 06 07 08
12080765 01 03 04 05 10
12080766 01 02 03 04 10
12080767 05 06 07 08 11
12080768 03 05 06 07 08
12080769 02 04 05 06 10
12080770 05 07 09 10 11
12080771 02 04 06 07 09
12080772 01 06 08 09 10
12080773 01 04 05 06 10
12080774 01 02 06 07 09
12080775 02 03 06 08 09
12080776 01 02 06 08 10
12080777 01 05 07 09 11
12080778 02 03 04 05 11
12080779 02 04 05 08 09
12080780 01 08 09 10 11
12080781 04 05 06 10 11
12080782 03 04 05 08 10
12080783 05 06 09 10 11
12080784 02 03 05 07 08
12080801 01 02 04 05 09
12080802 01 03 05 09 11
12080803 01 05 06 08 10
12080804 02 05 06 10 11
12080805 02 03 04 06 08
12080806 03 06 07 09 10
12080807 01 08 09 10 11
12080808 02 05 08 10 11
12080809 02 04 06 08 09
12080810 01 07 08 09 11
12080811 02 07 09 10 11
12080812 01 02 03 06 07
12080813 02 04 05 09 10
12080814 04 07 08 09 11
12080815 01 02 03 04 09
12080816 01 03 05 07 10
12080817 01 02 03 07 10
12080818 01 02 03 04 08
12080819 04 06 07 10 11
12080820 02 03 05 08 11
12080821 02 03 06 10 11
12080822 01 02 05 06 08
12080823 04 05 06 07 11
12080824 02 03 05 06 08
12080825 01 02 03 07 11
12080826 02 03 06 10 11
12080827 01 02 07 10 11
12080828 01 07 09 10 11
12080829 02 07 09 10 11
12080830 04 05 09 10 11
12080831 01 02 03 06 07
12080832 02 06 07 09 11
12080833 04 05 06 08 10
12080834 01 03 05 07 10
12080835 02 05 06 08 10
12080836 01 02 03 05 08
12080837 01 06 07 09 11
12080838 02 05 09 10 11
12080839 01 04 06 08 09
12080840 03 04 05 07 09
12080841 04 05 06 07 09
12080842 02 03 05 06 09
12080843 01 02 07 09 11
12080844 01 03 06 07 11
12080845 01 04 05 09 10
12080846 04 07 08 09 10
12080847 02 04 05 06 09
12080848 02 03 06 10 11
12080849 01 03 04 07 09
12080850 02 03 05 06 07
12080851 01 04 05 08 09
12080852 04 05 06 07 10
12080853 02 03 06 07 10
12080854 02 04 07 08 10
12080855 01 04 09 10 11
12080856 01 03 04 06 09
12080857 01 03 05 06 09
12080858 02 05 08 10 11
12080859 03 04 06 08 10
12080860 01 03 09 10 11
12080861 01 02 04 08 09
12080862 02 04 06 07 10
12080863 01 02 04 08 09
12080864 04 05 07 09 10
12080865 02 07 08 09 11
12080866 02 04 06 07 08
12080867 02 03 06 09 10
12080868 02 03 04 05 08
12080869 03 05 06 10 11
12080870 01 03 04 05 07
12080871 01 02 05 06 10
12080872 02 03 04 07 08
12080873 03 04 06 08 11
12080874 03 07 08 09 10
12080875 01 04 07 09 10
12080876 01 03 04 05 11
12080877 01 03 04 06 09
12080878 01 02 08 09 11
12080879 02 04 08 09 11
12080880 01 05 06 09 10
12080881 07 08 09 10 11
12080882 04 07 09 10 11
12080883 01 05 06 09 10
12080884 01 02 06 07 08
12080901 01 02 05 10 11
12080902 01 07 09 10 11
12080903 01 03 04 06 07
12080904 01 03 04 06 09
12080905 01 04 05 06 11
12080906 02 05 07 08 10
12080907 01 06 08 10 11
12080908 01 04 06 10 11
12080909 01 04 06 08 09
12080910 01 07 08 09 11
12080911 03 07 08 09 11
12080912 02 03 04 07 11
12080913 03 04 05 07 08
12080914 02 03 04 08 10
12080915 03 06 08 09 10
12080916 01 03 04 07 10
12080917 01 02 06 08 10
12080918 05 06 07 10 11
12080919 02 05 06 07 10
12080920 04 06 07 09 11
12080921 02 04 05 09 11
12080922 01 05 08 09 11
12080923 03 05 06 09 10
12080924 01 02 06 07 11
12080925 01 02 05 10 11
12080926 03 04 08 10 11
12080927 03 05 08 10 11
12080928 02 04 05 07 10
12080929 02 03 05 06 09
12080930 02 03 09 10 11
12080931 02 03 08 10 11
12080932 01 02 04 08 10
12080933 01 05 06 10 11
12080934 01 02 03 05 10
12080935 02 03 05 10 11
12080936 02 06 07 10 11
12080937 01 03 05 08 11
12080938 01 08 09 10 11
12080939 02 03 05 06 11
12080940 01 04 07 08 11
12080941 01 05 09 10 11
12080942 02 06 08 09 10
12080943 01 05 06 08 10
12080944 02 04 07 09 11
12080945 01 04 08 10 11
12080946 04 07 08 09 10
12080947 01 03 05 08 09
12080948 01 06 07 09 11
12080949 02 04 05 07 11
12080950 02 03 06 08 10
12080951 01 02 08 10 11
12080952 06 07 08 09 11
12080953 03 05 06 07 11
12080954 03 05 07 09 11
12080955 01 03 05 06 07
12080956 03 04 07 09 11
12080957 06 07 08 09 10
12080958 02 03 06 07 10
12080959 04 06 08 09 11
12080960 02 05 07 08 09
12080961 01 02 05 08 09
12080962 03 07 08 09 11
12080963 03 05 07 09 11
12080964 01 07 08 10 11
12080965 01 05 06 09 11
12080966 03 04 07 08 11
12080967 03 04 06 08 09
12080968 03 05 06 09 11
12080969 01 05 07 08 10
12080970 04 05 06 08 11
12080971 02 03 06 09 11
12080972 04 08 09 10 11
12080973 03 05 07 08 10
12080974 01 05 08 09 10
12080975 01 03 07 08 09
12080976 02 04 05 09 10
12080977 02 03 04 06 11
12080978 03 06 08 09 11
12080979 05 07 08 10 11
12080980 01 03 07 09 10
12080981 01 05 07 10 11
12080982 01 03 04 05 08
12080983 02 04 08 09 10
12080984 03 04 05 07 09
12081001 01 04 05 08 10
12081002 01 03 04 08 11
12081003 02 03 06 08 09
12081004 01 02 09 10 11
12081005 03 04 06 08 09
12081006 01 03 05 08 11
12081007 01 04 05 09 10
12081008 05 06 07 08 09
12081009 01 02 03 06 09
12081010 02 03 04 05 07
12081011 03 04 06 07 10
12081012 01 02 03 10 11
12081013 04 05 07 08 10
12081014 02 03 07 08 09
12081015 01 04 05 06 08
12081016 02 06 09 10 11
12081017 03 04 06 07 10
12081018 01 05 08 09 10
12081019 01 07 08 09 10
12081020 02 04 05 08 11
12081021 01 03 04 07 08
12081022 01 02 07 08 11
12081023 01 02 03 04 11
12081024 01 02 05 07 08
12081025 01 03 06 09 11
12081026 01 02 08 09 10
12081027 01 03 05 07 11
12081028 03 04 05 06 10
12081029 01 04 08 09 10
12081030 03 07 08 09 10
12081031 01 04 05 07 11
12081032 01 04 06 07 11
12081033 02 03 05 09 11
