2011307 2 6 1 ;
2011308 4 3 3 ;
2011309 2 6 8 ;
2011310 4 6 9 ;
2011311 5 3 9 ;
2011312 0 6 8 ;
2011313 1 8 0 ;
2011314 7 0 8 ;
2011315 3 3 0 ;
2011316 9 3 3 ;
2011317 1 3 4 ;
2011318 1 1 6 ;
2011319 4 4 3 ;
2011320 4 4 2 ;
2011321 9 4 4 ;
2011322 2 2 0 ;
2011323 7 2 4 ;
2011324 4 3 6 ;
2011325 3 8 5 ;
2011326 3 8 1 ;
2011327 7 9 1 ;
2011328 6 1 9 ;
2011329 8 3 8 ;
2011330 8 9 0 ;
2011331 9 3 4 ;
2011332 8 0 5 ;
2011333 2 4 6 ;
2011334 7 8 3 ;
2011335 7 6 2 ;
2011336 5 4 1 ;
2011337 7 2 4 ;
2011338 8 0 8 ;
2011339 6 1 3 ;
2011340 0 4 5 ;
2011341 9 6 1 ;
2011342 3 3 3 ;
2011343 9 2 0 ;
2011344 9 0 8 ;
2011345 5 8 0 ;
2011346 9 9 3 ;
2011347 5 3 3 ;
2011348 7 7 2 ;
2011349 7 8 1 ;
2011350 3 6 8 ;
2011351 1 4 5 ;
2011352 5 8 9 ;
2011353 0 1 2 ;
2011354 4 8 9 ;
2011355 4 8 8 ;
2011356 9 1 7 ;
2011357 1 9 3 ;
2011358 2 5 4 ;
2012001 3 0 9 ;
2012002 2 0 9 ;
2012003 7 5 ;
2012004 9 6 0 ;
2012005 1 3 5 ;
2012006 8 8 2 ;
2012007 8 8 0 ;
2012008 4 9 7 ;
2012009 1 6 6 ;
2012010 5 9 4 ;
2012011 3 1 5 ;
2012012 2 2 4 ;
2012013 3 1 7 ;
2012014 6 3 7 ;
2012015 1 8 0 ;
2012016 7 4 9 ;
2012017 5 3 8 ;
2012018 0 3 0 ;
2012019 0 4 5 ;
2012020 4 4 6 ;
2012021 9 6 7 ;
2012022 4 2 5 ;
2012023 6 3 3 ;
2012024 9 9 7 ;
2012025 7 5 5 ;
2012026 7 4 6 ;
2012027 2 6 3 ;
2012028 7 3 1 ;
2012029 1 0 0 ;
2012030 9 8 2 ;
2012031 1 9 5 ;
2012032 4 2 1 ;
2012033 8 6 5 ;
2012034 4 6 5 ;
2012035 3 6 9 ;
2012036 2 8 7 ;
2012037 9 7 8 ;
2012038 0 3 2 ;
2012039 7 5 7 ;
2012040 4 7 0 ;
2012041 6 6 4 ;
2012042 0 0 1 ;
2012043 5 2 5 ;
2012044 7 2 3 ;
2012045 0 2 6 ;
2012046 4 9 3 ;
2012047 6 4 2 ;
2012048 8 7 5 ;
2012049 8 0 8 ;
2012050 0 3 5 ;
2012051 3 0 2 ;
2012052 3 5 5 ;
2012053 6 6 3 ;
2012054 1 0 3 ;
2012055 7 1 2 ;
2012056 6 0 7 ;
2012057 6 0 8 ;
2012058 0 9 6 ;
2012059 2 6 9 ;
2012060 4 9 2 ;
2012061 7 6 3 ;
2012062 0 2 3 ;
2012063 1 2 8 ;
2012064 4 7 8 ;
2012065 ;
2012066 6 4 8 ;
2012067 1 9 3 ;
2012068 8 5 6 ;
2012069 6 9 3 ;
2012070 7 5 7 ;
2012071 7 5 9 ;
2012072 7 9 5 ;
2012073 0 6 9 ;
2012074 8 4 1 ;
2012075 5 3 7 ;
2012076 6 0 6 ;
2012077 3 8 8 ;
2012078 1 2 2 ;
2012079 4 5 7 ;
2012080 4 8 2 ;
2012081 9 2 2 ;
2012082 3 2 5 ;
2012083 1 1 6 ;
2012084 6 1 8 ;
2012085 9 1 2 ;
2012086 9 7 3 ;
2012087 5 4 4 ;
2012088 3 6 3 ;
2012089 0 8 0 ;
2012090 5 4 9 ;
2012091 2 2 0 ;
2012092 5 5 3 ;
2012093 0 0 2 ;
2012094 6 6 8 ;
2012095 5 8 8 ;
2012096 8 7 0 ;
2012097 8 6 1 ;
2012098 9 9 6 ;
2012099 4 0 5 ;
2012100 4 1 3 ;
2012101 6 9 5 ;
2012102 0 7 7 ;
2012103 3 0 1 ;
2012104 9 9 0 ;
2012105 3 8 2 ;
2012106 4 3 6 ;
2012107 7 2 8 ;
2012108 7 5 8 ;
2012109 1 2 0 ;
2012110 6 4 5 ;
2012111 8 1 0 ;
2012112 3 8 3 ;
2012113 0 7 0 ;
2012114 8 5 0 ;
2012115 0 8 6 ;
2012116 3 3 9 ;
2012117 6 6 5 ;
2012118 5 1 8 ;
2012119 1 0 0 ;
2012120 4 3 6 ;
2012121 6 9 4 ;
2012122 5 8 5 ;
2012123 2 3 4 ;
2012124 1 0 8 ;
2012125 1 4 3 ;
2012126 5 0 7 ;
2012127 9 8 5 ;
2012128 4 3 1 ;
2012129 3 6 8 ;
2012130 2 9 0 ;
2012131 5 2 7 ;
2012132 6 5 9 ;
2012133 3 4 7 ;
2012134 6 9 8 ;
2012135 9 8 7 ;
2012136 7 4 8 ;
2012137 5 1 7 ;
2012138 5 3 7 ;
2012139 0 3 6 ;
2012140 3 9 0 ;
2012141 2 1 4 ;
2012142 3 4 9 ;
2012143 1 8 5 ;
2012144 9 2 3 ;
2012145 6 2 8 ;
2012146 1 9 7 ;
2012147 5 0 2 ;
2012148 7 3 2 ;
2012149 0 3 1 ;
2012150 8 2 8 ;
2012151 1 4 0 ;
2012152 8 0 2 ;
2012153 7 4 6 ;
2012154 8 4 3 ;
2012155 2 6 7 ;
2012156 8 6 2 ;
2012157 0 1 5 ;
2012158 1 6 2 ;
2012159 5 4 3 ;
2012160 9 6 2 ;
2012161 3 6 9 ;
2012162 8 3 2 ;
2012163 6 4 3 ;
2012164 6 5 1 ;
2012165 3 6 4 ;
2012166 1 1 2 ;
2012167 2 1 2 ;
2012168 4 0 5 ;
2012169 0 1 2 ;
2012170 6 6 1 ;
2012171 2 4 2 ;
2012172 7 6 9 ;
2012173 8 8 7 ;
2012174 8 7 5 ;
2012175 9 7 6 ;
2012176 3 2 7 ;
2012177 6 9 4 ;
2012178 1 2 7 ;
2012179 9 2 1 ;
2012180 2 7 7 ;
2012181 8 4 7 ;
2012182 8 6 1 ;
2012183 2 4 5 ;
2012184 9 2 1 ;
2012185 3 0 9 ;
2012186 2 4 7 ;
2012187 4 8 4 ;
2012188 2 5 2 ;
2012189 0 8 3 ;
2012190 9 6 4 ;
2012191 5 5 8 ;
2012192 9 2 8 ;
2012193 9 4 4 ;
2012194 3 4 6 ;
2012195 6 2 6 ;
2012196 8 7 7 ;
2012197 6 3 9 ;
2012198 6 1 9 ;
2012199 5 0 3 ;
2012200 6 3 2 ;
2012201 8 0 3 ;
2012202 3 9 8 ;
2012203 5 8 3 ;
2012204 1 0 8 ;
2012205 2 9 5 ;
2012206 2 6 5 ;
2012207 0 3 0 ;
2012208 6 1 3 ;
2012209 6 4 1 ;
2012210 3 9 3 ;
2012211 8 4 3 ;
2012212 5 4 7 ;
2012213 2 9 7 ;
2012214 9 6 5 ;
2012215 2 8 4 ;
2012216 8 7 3 ;
2012217 2 5 3 ;
2012218 5 6 5 ;
2012219 1 5 2 ;
2012220 0 9 8 ;
2012221 3 5 1 ;
2012222 0 9 9 ;
2012223 0 9 3 ;
2012224 5 7 3 ;
2012225 6 5 2 ;
2012226 8 7 9 ;
2012227 4 8 5 ;
2012228 1 0 8 ;
2012229 1 4 9 ;
2012230 3 3 3 ;
2012231 9 0 8 ;
2012232 7 8 ;
2012233 8 9 7 ;
2012234 4 1 8 ;
2012235 4 2 2 ;
2012236 3 3 2 ;
2012237 7 3 9 ;
2012238 3 0 7 ;
2012239 8 1 0 ;
2012240 1 6 7 ;
2012241 2 4 7 ;
2012242 5 7 2 ;
2012243 2 3 7 ;
2012244 9 3 6 ;
2012245 7 4 9 ;
2012246 5 7 8 ;
2012247 5 1 4 ;
2012248 6 9 0 ;
2012249 4 1 2 ;
2012250 0 2 3 ;
2012251 1 9 5 ;
2012252 6 7 0 ;
2012253 4 6 6 ;
2012254 2 0 3 ;
2012255 1 3 2 ;
2012256 6 9 4 ;
2012257 7 7 3 ;
2012258 9 1 3 ;
2012259 3 4 0 ;
2012260 4 4 2 ;
2012261 4 0 1 ;
2012262 8 6 9 ;
2012263 7 9 9 ;
2012264 7 9 7 ;
2012265 4 1 9 ;
2012266 1 8 1 ;
2012267 3 4 3 ;
2012268 3 3 9 ;
2012269 6 2 5 ;
2012270 9 9 2 ;
2012271 1 4 0 ;
2012272 9 8 9 ;
2012273 6 6 7 ;
2012274 2 6 7 ;
2012275 4 4 7 ;
2012276 4 6 8 ;
2012277 9 9 4 ;
2012278 0 2 1 ;
2012279 5 3 8 ;
2012280 7 1 8 ;
2012281 4 3 8 ;
2012282 8 6 6 ;
2012283 1 6 6 ;
2012284 7 5 6 ;
2012285 9 9 7 ;
2012286 3 0 4 ;
2012287 2 7 1 ;
2012288 0 9 4 ;
2012289 0 3 4 ;
2012290 0 9 9 ;
2012291 1 9 9 ;
2012292 6 4 6 ;
2012293 0 6 1 ;
2012294 0 0 5 ;
2012295 1 0 3 ;
2012296 4 0 7 ;
2012297 1 5 6 ;
2012298 4 0 8 ;
2012299 9 2 5 ;
2012300 5 3 9 ;
2012301 7 0 6 ;
2012302 3 1 7 ;
2012303 7 6 4 ;
2012304 1 5 0 ;
2012305 0 4 2 ;
2012306 0 5 7 ;
2012307 9 7 4 ;
2012308 9 2 1 ;
2012309 0 7 1 ;
2012310 8 9 9 ;
2012311 7 4 3 ;
2012312 8 3 1 ;
2012313 7 4 3 ;
2012314 1 8 1 ;
2012315 3 7 1 ;
2012316 7 0 9 ;
2012317 3 1 5 ;
2012318 1 1 0 ;
2012319 2 8 6 ;
2012320 4 2 8 ;
2012321 9 3 6 ;
2012322 5 2 4 ;
2012323 8 8 9 ;
2012324 1 1 4 ;
2012325 6 5 6 ;
2012326 8 1 4 ;
2012327 3 1 0 ;
2012328 6 4 4 ;
2012329 5 9 5 ;
2012330 5 3 4 ;
2012331 3 8 2 ;
2012332 5 2 3 ;
2012333 7 4 4 ;
2012334 0 0 6 ;
2012335 4 9 3 ;
2012336 2 5 0 ;
2012337 5 7 6 ;
2012338 0 9 7 ;
2012339 2 9 4 ;
2012340 0 4 6 ;
2012341 2 0 4 ;
2012342 3 7 3 ;
2012343 2 9 6 ;
2012344 2 9 3 ;
2012345 8 9 6 ;
2012346 9 9 2 ;
2012347 5 7 6 ;
2012348 8 5 1 ;
2012349 2 6 6 ;
2012350 6 7 6 ;
