2012106:
01: 01                                            ==》
02: 12 23                                         ==》23 
02: 21 32                                         ==》32 
03: 07 16 31                                      ==》
04: 06 08 11 28                                   ==》
04: 14 18 20 25                                   ==》14 20 
03: 26 29 30                                      ==》
02: 13 27                                         ==》13 
03: 10 17 19                                      ==》
03: 03 15 22                                      ==》22 
03: 02 05 09                                      ==》
01: 33                                            ==》
01: 04                                            ==》
01: 24                                            ==》


01: 01                                            ==》1          ==》0
01: 12                                            ==》12         ==》0
02: 21 23                                         ==》21 23
04: 07 16 31 32                                   ==》07 16 31 32 ==》杀31 
04: 06 08 11 28                                   ==》杀06 28 ==》08 ，11
02: 18 25                                         ==》杀25       ==》18
05: 14 20 26 29 30                                ==》杀20    ==》14 29 30 ==》杀29 30 ==》14 26
01: 27                                            ==》           ==》27 ===》0
04: 10 13 17 19                                   ==》杀17 13    ==》10 19
02: 03 15                                         ==》杀03       ==》15
04: 02 05 09 22                                   ==》杀22       ==》02 05 09
01: 33                                            ==》           ==》33
01: 04                                            ==》           ==》04
01: 24                                            ==》           ==》24


五期内外比：


04 05 06 09 10 11 13 14 15 17 19 20 22 23 25 27 28 29 30 32 33     个数21
01 02 03 07 08 12 16 18 21 24 26 31     个数12

04 05 06 09 10 11 13 14 15 17 19 20 22 23 25 27 28 29 30 32 33     个数21
01 02 03 07 08 12 16 18 21 24 26 31     个数12


20 19 13 11 10 01 =有号
23 24 30 32 33 有号
08 22 23 29 31 32 有号
03 05 06 15 30 有号
17 18 24 26 27 有号

20 23 25 30 有号

11 12 20 =1  ==》11
绝杀号：
06  17 22 26 
25 28

杀龙头:
01 02 03 04 05 06 07

杀凤尾：
27 28 29 30 31

06 29=1？
14 25=1
06 15=1

14.17.24=1

围栏：
02 04 05 06 08 09 11 12 13 14 15 16
01 02 03 05 07 08 10 12 13 14 16
==》02 05 08 12 13 14 16
==》05 08 14 16


独胆:11 18

小心:
8 11 